72# Number of electrodes
# x z position for each electrode
0.0	299.29
1.0	299.20
2.0	299.10
3.0	298.98
4.0	298.85
5.0	298.72
6.0	298.58
7.0	298.50
8.0	298.42
9.0	298.32
10.0	298.21
11.0	298.21
12.0	298.21
13.0	298.21
14.0	298.20
15.0	298.19
16.0	298.18
17.0	298.12
18.0	298.05
19.0	297.99
20.0	297.93
21.0	297.84
22.0	297.74
23.0	297.58
24.0	297.42
25.0	297.43
26.0	297.44
27.0	297.38
28.0	297.31
29.0	297.19
30.0	297.06
31.0	296.98
32.0	296.89
33.0	296.73
34.0	296.56
35.0	296.49
36.0	296.41
37.0	296.36
38.0	296.30
39.0	296.21
40.0	296.12
41.0	296.04
42.0	295.95
43.0	295.86
44.0	295.76
45.0	295.67
46.0	295.58
47.0	295.44
48.0	295.29
49.0	295.23
50.0	295.17
51.0	295.17
52.0	295.16
53.0	295.12
54.0	295.08
55.0	295.04
56.0	295.00
57.0	294.98
58.0	294.95
59.0	294.81
60.0	294.66
61.0	294.51
62.0	294.36
63.0	294.48
64.0	294.60
65.0	294.57
66.0	294.54
67.0	294.30
68.0	293.80
69.0	293.70
70.0	293.63
71.0	293.67
2949# Number of data
# a b m n i/mA u/mV
1	2	3	4	82.919716	-1649.442075
1	2	4	5	82.919716	-347.150204
1	2	5	6	82.919716	-142.640007
1	2	6	7	82.919716	-68.065948
1	2	7	8	82.919716	-28.934823
1	2	8	9	82.919716	-14.389012
1	3	9	11	141.041875	-71.286370
1	3	11	13	141.041875	-27.529643
1	3	13	15	141.041875	-14.800526
1	3	15	10	141.041875	69.598712
1	3	10	12	141.041875	-41.837051
1	3	12	14	141.041875	-21.870221
1	3	14	16	141.041875	-12.741715
1	4	15	18	132.820958	-18.844812
1	4	18	21	132.820958	-11.037157
1	4	21	16	132.820958	22.003874
1	4	16	19	132.820958	-15.322774
1	4	19	22	132.820958	-9.194751
1	4	22	17	132.820958	18.882925
1	4	17	20	132.820958	-13.455958
1	4	20	23	132.820958	-7.975159
1	5	21	25	154.127584	-13.840962
1	5	25	29	154.127584	-8.286568
1	5	29	22	154.127584	18.196967
1	5	22	26	154.127584	-12.473058
1	5	26	30	154.127584	-7.391832
1	5	30	23	154.127584	15.752571
1	5	23	27	154.127584	-10.686535
1	5	27	24	154.127584	7.655869
1	5	24	28	154.127584	-9.340084
1	6	27	32	129.181854	-8.634776
1	6	32	37	129.181854	-8.010660
1	6	37	28	129.181854	14.879055
1	6	28	33	129.181854	-8.503955
1	6	33	29	129.181854	6.645831
1	6	29	34	129.181854	-8.355605
1	6	34	30	129.181854	6.610670
1	6	30	35	129.181854	-7.966134
1	6	35	31	129.181854	6.276330
1	6	31	36	129.181854	-8.062855
1	7	33	39	146.622513	-12.382817
1	7	39	34	146.622513	10.027507
1	7	34	40	146.622513	-11.309476
1	7	40	35	146.622513	9.300528
1	7	35	41	146.622513	-10.761463
1	7	41	36	146.622513	8.371427
1	7	36	42	146.622513	-9.634478
1	7	42	37	146.622513	7.561898
1	7	37	43	146.622513	-8.897470
1	7	43	38	146.622513	7.059171
1	7	38	44	146.622513	-8.503890
1	8	39	46	139.092133	-10.456834
1	8	46	40	139.092133	8.971173
1	8	40	47	139.092133	-10.160392
1	8	47	41	139.092133	8.555582
1	8	41	48	139.092133	-9.716925
1	8	48	42	139.092133	8.325253
1	8	42	49	139.092133	-9.187962
1	8	49	43	139.092133	7.710756
1	8	43	50	139.092133	-8.761370
1	8	50	44	139.092133	7.167270
1	8	44	51	139.092133	-8.053407
1	9	45	53	167.569071	-11.651026
1	9	53	46	167.569071	9.669319
1	9	46	54	167.569071	-10.873465
1	9	54	47	167.569071	9.178358
1	9	47	55	167.569071	-10.346016
1	9	55	48	167.569071	8.749220
1	9	48	56	167.569071	-9.757322
1	9	56	49	167.569071	8.576732
1	9	49	57	167.569071	-9.526353
1	9	57	50	167.569071	8.092961
1	9	50	58	167.569071	-8.976429
1	10	51	60	175.162333	-11.819040
1	10	60	52	175.162333	10.463413
1	10	52	61	175.162333	-11.498236
1	10	61	53	175.162333	9.955891
1	10	53	62	175.162333	-11.054689
1	10	62	54	175.162333	9.530448
1	10	54	63	175.162333	-10.345658
1	10	63	55	175.162333	8.971414
1	10	55	64	175.162333	-9.580582
1	10	64	56	175.162333	8.394499
1	10	56	65	175.162333	-8.961151
2	3	4	5	142.931341	-2976.920262
2	3	5	6	142.931341	-701.840548
2	3	6	7	142.931341	-274.657195
2	3	7	8	142.931341	-103.128760
2	3	8	9	142.931341	-47.957158
2	3	9	10	142.931341	-28.530766
2	4	10	12	133.949875	-61.344805
2	4	12	14	133.949875	-25.923890
2	4	14	16	133.949875	-16.179406
2	4	16	11	133.949875	64.960197
2	4	11	13	133.949875	-37.158019
2	4	13	15	133.949875	-21.549477
2	4	15	17	133.949875	-10.374182
2	5	16	19	154.717214	-20.931216
2	5	19	22	154.717214	-11.630483
2	5	22	17	154.717214	24.405281
2	5	17	20	154.717214	-17.557052
2	5	20	23	154.717214	-10.142574
2	5	23	18	154.717214	20.743195
2	5	18	21	154.717214	-14.305256
2	5	21	24	154.717214	-8.856632
2	6	22	26	129.362996	-11.304254
2	6	26	30	129.362996	-6.521360
2	6	30	23	129.362996	14.100834
2	6	23	27	129.362996	-9.631129
2	6	27	31	129.362996	-5.871645
2	6	31	24	129.362996	12.732238
2	6	24	28	129.362996	-8.333027
2	6	28	25	129.362996	5.936992
2	6	25	29	129.362996	-7.476455
2	7	28	33	146.781642	-10.410390
2	7	33	38	146.781642	-8.990869
2	7	38	29	146.781642	17.186066
2	7	29	34	146.781642	-10.086371
2	7	34	30	146.781642	7.935282
2	7	30	35	146.781642	-9.679010
2	7	35	31	146.781642	7.655192
2	7	31	36	146.781642	-9.689966
2	7	36	32	146.781642	7.795486
2	7	32	37	146.781642	-9.539189
2	8	34	40	139.874705	-11.030992
2	8	40	35	139.874705	9.063394
2	8	35	41	139.874705	-10.421905
2	8	41	36	139.874705	8.082240
2	8	36	42	139.874705	-9.305364
2	8	42	37	139.874705	7.349012
2	8	37	43	139.874705	-8.640611
2	8	43	38	139.874705	6.849116
2	8	38	44	139.874705	-8.243771
2	8	44	39	139.874705	6.632236
2	8	39	45	139.874705	-7.884139
2	9	40	47	165.926514	-12.595856
2	9	47	41	165.926514	10.644387
2	9	41	48	165.926514	-11.751720
2	9	48	42	165.926514	10.060875
2	9	42	49	165.926514	-11.097636
2	9	49	43	165.926514	9.311372
2	9	43	50	165.926514	-10.582803
2	9	50	44	165.926514	8.654650
2	9	44	51	165.926514	-9.714809
2	9	51	45	165.926514	7.999024
2	9	45	52	165.926514	-9.003708
2	10	46	54	173.480687	-11.604945
2	10	54	47	173.480687	9.814144
2	10	47	55	173.480687	-10.890994
2	10	55	48	173.480687	9.208416
2	10	48	56	173.480687	-10.264418
2	10	56	49	173.480687	9.018210
2	10	49	57	173.480687	-10.015539
2	10	57	50	173.480687	8.492570
2	10	50	58	173.480687	-9.418859
2	10	58	51	173.480687	8.145620
2	10	51	59	173.480687	-9.253306
2	11	52	61	118.654900	-7.958213
2	11	61	53	118.654900	6.885560
2	11	53	62	118.654900	-7.651973
2	11	62	54	118.654900	6.593953
2	11	54	63	118.654900	-7.154259
2	11	63	55	118.654900	6.201187
2	11	55	64	118.654900	-6.621465
2	11	64	56	118.654900	5.795606
2	11	56	65	118.654900	-6.183203
2	11	65	57	118.654900	5.411540
2	11	57	66	118.654900	-5.792934
3	4	5	6	128.328232	-2709.156823
3	4	6	7	128.328232	-608.240915
3	4	7	8	128.328232	-175.815563
3	4	8	9	128.328232	-72.265422
3	4	9	10	128.328232	-38.144069
3	4	10	11	128.328232	-22.036749
3	5	11	13	145.811315	-53.293327
3	5	13	15	145.811315	-30.499318
3	5	15	17	145.811315	-9.796724
3	5	17	12	145.811315	59.937779
3	5	12	14	145.811315	-35.032462
3	5	14	16	145.811315	-19.556715
3	5	16	18	145.811315	-9.822048
3	6	17	20	123.192449	-15.434343
3	6	20	23	123.192449	-8.397634
3	6	23	18	123.192449	17.590516
3	6	18	21	123.192449	-12.327830
3	6	21	24	123.192449	-7.285696
3	6	24	19	123.192449	14.665322
3	6	19	22	123.192449	-9.957701
3	6	22	25	123.192449	-6.397743
3	7	23	27	138.750427	-11.079479
3	7	27	31	138.750427	-6.379354
3	7	31	24	138.750427	14.256725
3	7	24	28	138.750427	-9.421285
3	7	28	32	138.750427	-6.300687
3	7	32	25	138.750427	12.997201
3	7	25	29	138.750427	-8.392085
3	7	29	26	138.750427	5.697707
3	7	26	30	138.750427	-7.285424
3	8	29	34	132.787425	-9.219498
3	8	34	39	132.787425	-7.578721
3	8	39	30	132.787425	14.868007
3	8	30	35	132.787425	-8.701675
3	8	35	31	132.787425	6.845147
3	8	31	36	132.787425	-8.724724
3	8	36	32	132.787425	6.981365
3	8	32	37	132.787425	-8.603513
3	8	37	33	132.787425	6.818040
3	8	33	38	132.787425	-8.222007
3	9	35	41	155.040716	-11.539051
3	9	41	36	155.040716	9.036692
3	9	36	42	155.040716	-10.193682
3	9	42	37	155.040716	8.049837
3	9	37	43	155.040716	-9.459904
3	9	43	38	155.040716	7.492017
3	9	38	44	155.040716	-9.014336
3	9	44	39	155.040716	7.248723
3	9	39	45	155.040716	-8.607385
3	9	45	40	155.040716	7.181571
3	9	40	46	155.040716	-8.560699
3	10	41	48	161.645889	-11.656369
3	10	48	42	161.645889	10.001238
3	10	42	49	161.645889	-10.801270
3	10	49	43	161.645889	9.055285
3	10	43	50	161.645889	-10.286074
3	10	50	44	161.645889	8.407083
3	10	44	51	161.645889	-9.433370
3	10	51	45	161.645889	7.762906
3	10	45	52	161.645889	-8.731026
3	10	52	46	161.645889	7.044931
3	10	46	53	161.645889	-8.146797
3	11	47	55	115.623967	-7.341092
3	11	55	48	115.623967	6.202817
3	11	48	56	115.623967	-6.881973
3	11	56	49	115.623967	6.043516
3	11	49	57	115.623967	-6.708542
3	11	57	50	115.623967	5.683907
3	11	50	58	115.623967	-6.303970
3	11	58	51	115.623967	5.448962
3	11	51	59	115.623967	-6.184185
3	11	59	52	115.623967	5.375174
3	11	52	60	115.623967	-6.142464
3	12	53	62	160.691742	-10.460033
3	12	62	54	160.691742	9.026159
3	12	54	63	160.691742	-9.667849
3	12	63	55	160.691742	8.370929
3	12	55	64	160.691742	-8.935213
3	12	64	56	160.691742	7.820277
3	12	56	65	160.691742	-8.346786
3	12	65	57	160.691742	7.297634
3	12	57	66	160.691742	-7.800223
3	12	66	58	160.691742	6.825665
3	12	58	67	160.691742	-7.322234
4	5	6	7	113.392927	-2225.537199
4	5	7	8	113.392927	-359.599216
4	5	8	9	113.392927	-117.057103
4	5	9	10	113.392927	-54.778645
4	5	10	11	113.392927	-29.326745
4	5	11	12	113.392927	-14.238518
4	6	12	14	117.435374	-41.073348
4	6	14	16	117.435374	-18.995386
4	6	16	18	117.435374	-9.423251
4	6	18	13	117.435374	46.565889
4	6	13	15	117.435374	-30.762991
4	6	15	17	117.435374	-11.603968
4	6	17	19	117.435374	-7.373161
4	7	18	21	131.344823	-15.636698
4	7	21	24	131.344823	-8.535414
4	7	24	19	131.344823	17.800431
4	7	19	22	131.344823	-12.231868
4	7	22	25	131.344823	-7.540602
4	7	25	20	131.344823	14.501235
4	7	20	23	131.344823	-10.200948
4	7	23	26	131.344823	-6.245084
4	8	24	28	125.982567	-9.091541
4	8	28	32	125.982567	-5.685008
4	8	32	25	125.982567	12.137557
4	8	25	29	125.982567	-7.903160
4	8	29	33	125.982567	-5.598896
4	8	33	26	125.982567	10.945469
4	8	26	30	125.982567	-6.820172
4	8	30	27	125.982567	4.607086
4	8	27	31	125.982567	-6.028031
4	9	30	35	145.408468	-10.310640
4	9	35	40	145.408468	-7.116472
4	9	40	31	145.408468	15.357174
4	9	31	36	145.408468	-9.683871
4	9	36	32	145.408468	7.766496
4	9	32	37	145.408468	-9.417513
4	9	37	33	145.408468	7.379600
4	9	33	38	145.408468	-8.916098
4	9	38	34	145.408468	6.943981
4	9	34	39	145.408468	-8.324138
4	10	36	42	151.348714	-10.312005
4	10	42	37	151.348714	8.231272
4	10	37	43	151.348714	-9.377655
4	10	43	38	151.348714	7.415848
4	10	38	44	151.348714	-8.916409
4	10	44	39	151.348714	7.167594
4	10	39	45	151.348714	-8.504615
4	10	45	40	151.348714	7.089724
4	10	40	46	151.348714	-8.436656
4	10	46	41	151.348714	6.911109
4	10	41	47	151.348714	-8.068785
4	11	42	49	111.142970	-7.635427
4	11	49	43	111.142970	6.398178
4	11	43	50	111.142970	-7.226730
4	11	50	44	111.142970	5.905629
4	11	44	51	111.142970	-6.623101
4	11	51	45	111.142970	5.445600
4	11	45	52	111.142970	-6.119705
4	11	52	46	111.142970	4.930918
4	11	46	53	111.142970	-5.702161
4	11	53	47	111.142970	4.688172
4	11	47	54	111.142970	-5.447946
4	12	48	56	151.001007	-9.214524
4	12	56	49	151.001007	8.099878
4	12	49	57	151.001007	-8.839966
4	12	57	50	151.001007	7.482140
4	12	50	58	151.001007	-8.294375
4	12	58	51	151.001007	7.167015
4	12	51	59	151.001007	-8.135156
4	12	59	52	151.001007	7.069133
4	12	52	60	151.001007	-8.073934
4	12	60	53	151.001007	6.862068
4	12	53	61	151.001007	-7.753503
4	13	54	63	142.811406	-8.870831
4	13	63	55	142.811406	7.697370
4	13	55	64	142.811406	-8.057871
4	13	64	56	142.811406	7.052151
4	13	56	65	142.811406	-7.521449
4	13	65	57	142.811406	6.572661
4	13	57	66	142.811406	-7.027126
4	13	66	58	142.811406	6.140905
4	13	58	67	142.811406	-6.588409
4	13	67	59	142.811406	5.537387
4	13	59	68	142.811406	-6.062340
5	6	7	8	91.567309	-1616.044381
5	6	8	9	91.567309	-259.457223
5	6	9	10	91.567309	-91.426744
5	6	10	11	91.567309	-40.965578
5	6	11	12	91.567309	-19.833546
5	6	12	13	91.567309	-10.791197
5	7	13	15	150.645309	-60.405271
5	7	15	17	150.645309	-20.934605
5	7	17	19	150.645309	-12.465297
5	7	19	14	150.645309	58.751061
5	7	14	16	150.645309	-36.898007
5	7	16	18	150.645309	-16.530071
5	7	18	20	150.645309	-9.687985
5	8	19	22	143.342606	-15.712135
5	8	22	25	143.342606	-8.973513
5	8	25	20	143.342606	17.829260
5	8	20	23	143.342606	-12.671862
5	8	23	26	143.342606	-7.451818
5	8	26	21	143.342606	15.243637
5	8	21	24	143.342606	-10.578220
5	8	24	27	143.342606	-6.583735
5	9	25	29	168.614014	-11.367586
5	9	29	33	168.614014	-7.710712
5	9	33	26	168.614014	15.391211
5	9	26	30	168.614014	-9.727418
5	9	30	34	168.614014	-7.541817
5	9	34	27	168.614014	14.127522
5	9	27	31	168.614014	-8.535266
5	9	31	28	168.614014	6.270860
5	9	28	32	168.614014	-8.050761
5	10	31	36	176.487249	-12.512591
5	10	36	41	176.487249	-8.428496
5	10	41	32	176.487249	18.513656
5	10	32	37	176.487249	-11.962070
5	10	37	33	176.487249	9.356987
5	10	33	38	176.487249	-11.288752
5	10	38	34	176.487249	8.734366
5	10	34	39	176.487249	-10.462286
5	10	39	35	176.487249	8.145158
5	10	35	40	176.487249	-9.535017
5	11	37	43	124.704722	-8.089213
5	11	43	38	124.704722	6.387516
5	11	38	44	124.704722	-7.689842
5	11	44	39	124.704722	6.171026
5	11	39	45	124.704722	-7.318343
5	11	45	40	124.704722	6.092117
5	11	40	46	124.704722	-7.256214
5	11	46	41	124.704722	5.940068
5	11	41	47	124.704722	-6.926481
5	11	47	42	124.704722	5.790423
5	11	42	48	124.704722	-6.716929
5	12	43	50	175.483810	-11.850433
5	12	50	44	175.483810	9.693028
5	12	44	51	175.483810	-10.751429
5	12	51	45	175.483810	8.834534
5	12	45	52	175.483810	-9.926479
5	12	52	46	175.483810	7.985378
5	12	46	53	175.483810	-9.225656
5	12	53	47	175.483810	7.575414
5	12	47	54	175.483810	-8.798696
5	12	54	48	175.483810	7.251265
5	12	48	55	175.483810	-8.351763
5	13	49	57	164.641688	-10.041179
5	13	57	50	164.641688	8.503971
5	13	50	58	164.641688	-9.322758
5	13	58	51	164.641688	8.055622
5	13	51	59	164.641688	-9.139014
5	13	59	52	164.641688	7.937651
5	13	52	60	164.641688	-9.066252
5	13	60	53	164.641688	7.699852
5	13	53	61	164.641688	-8.700233
5	13	61	54	164.641688	7.358747
5	13	54	62	164.641688	-8.311162
5	14	55	64	150.728846	-8.994704
5	14	64	56	150.728846	7.875100
5	14	56	65	150.728846	-8.349794
5	14	65	57	150.728846	7.293188
5	14	57	66	150.728846	-7.794122
5	14	66	58	150.728846	6.807232
5	14	58	67	150.728846	-7.299548
5	14	67	59	150.728846	6.136201
5	14	59	68	150.728846	-6.699985
5	14	68	60	150.728846	5.491398
5	14	60	69	150.728846	-6.039974
6	7	8	9	128.112713	-2115.014808
6	7	9	10	128.112713	-407.330087
6	7	10	11	128.112713	-140.116347
6	7	11	12	128.112713	-53.739678
6	7	12	13	128.112713	-27.456647
6	7	13	14	128.112713	-18.943967
6	8	14	16	122.337390	-44.185987
6	8	16	18	122.337390	-17.879457
6	8	18	20	122.337390	-9.843747
6	8	20	15	122.337390	41.384884
6	8	15	17	122.337390	-24.161005
6	8	17	19	122.337390	-12.867758
6	8	19	21	122.337390	-7.323110
6	9	20	23	139.602519	-14.784166
6	9	23	26	139.602519	-7.666591
6	9	26	21	139.602519	16.801233
6	9	21	24	139.602519	-11.877150
6	9	24	27	139.602519	-6.947873
6	9	27	22	139.602519	14.332286
6	9	22	25	139.602519	-9.943050
6	9	25	28	139.602519	-5.891923
6	10	26	30	144.929418	-9.501865
6	10	30	34	144.929418	-6.591411
6	10	34	27	144.929418	13.067937
6	10	27	31	144.929418	-7.978287
6	10	31	35	144.929418	-6.765595
6	10	35	28	144.929418	12.574349
6	10	28	32	144.929418	-7.429555
6	10	32	29	144.929418	5.430332
6	10	29	33	144.929418	-7.221943
6	11	32	37	108.698446	-7.984925
6	11	37	42	108.698446	-4.990534
6	11	42	33	108.698446	11.228613
6	11	33	38	108.698446	-7.393356
6	11	38	34	108.698446	5.696857
6	11	34	39	108.698446	-6.818249
6	11	39	35	108.698446	5.298212
6	11	35	40	108.698446	-6.195950
6	11	40	36	108.698446	4.593345
6	11	36	41	108.698446	-5.558358
6	12	38	44	144.706477	-9.463139
6	12	44	39	144.706477	7.619298
6	12	39	45	144.706477	-8.793285
6	12	45	40	144.706477	7.323989
6	12	40	46	144.706477	-8.715767
6	12	46	41	144.706477	7.131343
6	12	41	47	144.706477	-8.312298
6	12	47	42	144.706477	6.935104
6	12	42	48	144.706477	-8.044049
6	12	48	43	144.706477	6.601468
6	12	43	49	144.706477	-7.420460
6	13	44	51	137.092601	-8.890698
6	13	51	45	137.092601	7.324964
6	13	45	52	137.092601	-8.078401
6	13	52	46	137.092601	6.493913
6	13	46	53	137.092601	-7.495731
6	13	53	47	137.092601	6.147589
6	13	47	54	137.092601	-7.138642
6	13	54	48	137.092601	5.874366
6	13	48	55	137.092601	-6.764965
6	13	55	49	137.092601	5.834369
6	13	49	56	137.092601	-6.594273
6	14	50	58	128.096110	-7.795238
6	14	58	51	128.096110	6.742064
6	14	51	59	128.096110	-7.541711
6	14	59	52	128.096110	6.550109
6	14	52	60	128.096110	-7.473626
6	14	60	53	128.096110	6.347719
6	14	53	61	128.096110	-7.172325
6	14	61	54	128.096110	6.062736
6	14	54	62	128.096110	-6.844177
6	14	62	55	128.096110	5.847131
6	14	55	63	128.096110	-6.422292
6	15	56	65	108.816724	-6.494009
6	15	65	57	108.816724	5.678714
6	15	57	66	108.816724	-6.002289
6	15	66	58	108.816724	5.233594
6	15	58	67	108.816724	-5.615230
6	15	67	59	108.816724	4.719956
6	15	59	68	108.816724	-5.143978
6	15	68	60	108.816724	4.213723
6	15	60	69	108.816724	-4.634468
6	15	69	61	108.816724	3.808630
6	15	61	70	108.816724	-4.126172
7	8	9	10	114.809397	-1755.398169
7	8	10	11	114.809397	-340.383830
7	8	11	12	114.809397	-99.953205
7	8	12	13	114.809397	-42.135347
7	8	13	14	114.809397	-25.589141
7	8	14	15	114.809397	-16.874481
7	9	15	17	160.476573	-46.261303
7	9	17	19	160.476573	-22.757489
7	9	19	21	160.476573	-11.570964
7	9	21	16	160.476573	51.825916
7	9	16	18	160.476573	-30.910663
7	9	18	20	160.476573	-16.249821
7	9	20	22	160.476573	-8.283495
7	10	21	24	167.435872	-17.243875
7	10	24	27	167.435872	-9.259017
7	10	27	22	167.435872	19.849177
7	10	22	25	167.435872	-13.967590
7	10	25	28	167.435872	-7.793276
7	10	28	23	167.435872	15.487911
7	10	23	26	167.435872	-10.891550
7	10	26	29	167.435872	-6.374640
7	11	27	31	121.119799	-7.415847
7	11	31	35	121.119799	-5.898652
7	11	35	28	121.119799	11.326570
7	11	28	32	121.119799	-6.884628
7	11	32	36	121.119799	-5.914032
7	11	36	29	121.119799	10.835441
7	11	29	33	121.119799	-6.478518
7	11	33	30	121.119799	4.634413
7	11	30	34	121.119799	-6.193532
7	12	33	38	166.787059	-12.121011
7	12	38	43	166.787059	-7.339752
7	12	43	34	166.787059	16.698053
7	12	34	39	166.787059	-11.026990
7	12	39	35	166.787059	8.628612
7	12	35	40	166.787059	-10.053249
7	12	40	36	166.787059	7.425942
7	12	36	41	166.787059	-8.955960
7	12	41	37	166.787059	6.747920
7	12	37	42	166.787059	-8.076869
7	13	39	45	156.850525	-10.064736
7	13	45	40	156.850525	8.392874
7	13	40	46	156.850525	-9.849123
7	13	46	41	156.850525	8.051401
7	13	41	47	156.850525	-9.380629
7	13	47	42	156.850525	7.825435
7	13	42	48	156.850525	-9.069817
7	13	48	43	156.850525	7.436771
7	13	43	49	156.850525	-8.355771
7	13	49	44	156.850525	6.608927
7	13	44	50	156.850525	-7.724903
7	14	45	52	145.479441	-9.194761
7	14	52	46	145.479441	7.391464
7	14	46	53	145.479441	-8.476007
7	14	53	47	145.479441	6.943111
7	14	47	54	145.479441	-8.056679
7	14	54	48	145.479441	6.624141
7	14	48	55	145.479441	-7.623543
7	14	55	49	145.479441	6.562639
7	14	49	56	145.479441	-7.418629
7	14	56	50	145.479441	6.144572
7	14	50	57	145.479441	-6.952898
7	15	51	59	122.935771	-7.744559
7	15	59	52	122.935771	6.718170
7	15	52	60	122.935771	-7.680573
7	15	60	53	122.935771	6.516061
7	15	53	61	122.935771	-7.362111
7	15	61	54	122.935771	6.220301
7	15	54	62	122.935771	-7.017725
7	15	62	55	122.935771	5.995849
7	15	55	63	122.935771	-6.586851
7	15	63	56	122.935771	5.708148
7	15	56	64	122.935771	-6.148144
7	16	57	66	158.950078	-9.064935
7	16	66	58	158.950078	7.919217
7	16	58	67	158.950078	-8.351573
7	16	67	59	158.950078	7.011838
7	16	59	68	158.950078	-7.645426
7	16	68	60	158.950078	6.255420
7	16	60	69	158.950078	-6.873784
7	16	69	61	158.950078	5.638134
7	16	61	70	158.950078	-6.105184
7	16	70	62	158.950078	4.931334
7	16	62	71	158.950078	-5.542186
8	9	10	11	97.410429	-1522.524523
8	9	11	12	97.410429	-247.372317
8	9	12	13	97.410429	-78.375073
8	9	13	14	97.410429	-40.746934
8	9	14	15	97.410429	-24.014074
8	9	15	16	97.410429	-10.455964
8	10	16	18	157.631724	-48.852901
8	10	18	20	157.631724	-23.247401
8	10	20	22	157.631724	-10.774435
8	10	22	17	157.631724	54.514532
8	10	17	19	157.631724	-34.090202
8	10	19	21	157.631724	-15.767839
8	10	21	23	157.631724	-9.023359
8	11	22	25	116.575020	-12.558345
8	11	25	28	116.575020	-6.476863
8	11	28	23	116.575020	13.326075
8	11	23	26	116.575020	-9.554595
8	11	26	29	116.575020	-5.254959
8	11	29	24	116.575020	11.043673
8	11	24	27	116.575020	-8.019171
8	11	27	30	116.575020	-4.432509
8	12	28	32	157.645584	-10.153217
8	12	32	36	157.645584	-8.240618
8	12	36	29	157.645584	15.547149
8	12	29	33	157.645584	-9.443171
8	12	33	37	157.645584	-7.819432
8	12	37	30	157.645584	14.591507
8	12	30	34	157.645584	-8.926545
8	12	34	31	157.645584	6.536462
8	12	31	35	157.645584	-8.455910
8	13	34	39	148.857371	-10.881281
8	13	39	44	148.857371	-6.704431
8	13	44	35	148.857371	15.230585
8	13	35	40	148.857371	-9.758072
8	13	40	36	148.857371	7.218115
8	13	36	41	148.857371	-8.689327
8	13	41	37	148.857371	6.477375
8	13	37	42	148.857371	-7.744936
8	13	42	38	148.857371	5.806400
8	13	38	43	148.857371	-7.140607
8	14	40	46	138.944982	-9.763887
8	14	46	41	138.944982	7.996267
8	14	41	47	138.944982	-9.157168
8	14	47	42	138.944982	7.632351
8	14	42	48	138.944982	-8.838448
8	14	48	43	138.944982	7.240607
8	14	43	49	138.944982	-8.132897
8	14	49	44	138.944982	6.426881
8	14	44	50	138.944982	-7.507981
8	14	50	45	138.944982	5.998879
8	14	45	51	138.944982	-6.881574
8	15	46	53	119.509242	-7.717836
8	15	53	47	119.509242	6.314281
8	15	47	54	119.509242	-7.301965
8	15	54	48	119.509242	5.996252
8	15	48	55	119.509242	-6.895169
8	15	55	49	119.509242	5.928544
8	15	49	56	119.509242	-6.700956
8	15	56	50	119.509242	5.542053
8	15	50	57	119.509242	-6.267980
8	15	57	51	119.509242	5.322220
8	15	51	58	119.509242	-6.000041
8	16	52	60	151.009125	-9.938178
8	16	60	53	151.009125	8.447897
8	16	53	61	151.009125	-9.364242
8	16	61	54	151.009125	7.905533
8	16	54	62	151.009125	-8.920673
8	16	62	55	151.009125	7.613209
8	16	55	63	151.009125	-8.357326
8	16	63	56	151.009125	7.236463
8	16	56	64	151.009125	-7.791564
8	16	64	57	151.009125	6.734768
8	16	57	65	151.009125	-7.241496
8	17	58	67	183.422602	-10.342155
8	17	67	59	183.422602	8.740809
8	17	59	68	183.422602	-9.123155
8	17	68	60	183.422602	7.460583
8	17	60	69	183.422602	-8.180365
8	17	69	61	183.422602	6.702718
8	17	61	70	183.422602	-7.260081
8	17	70	62	183.422602	5.857537
8	17	62	71	183.422602	-6.578278
8	17	71	63	183.422602	5.554688
8	17	63	72	183.422602	-6.269392
9	10	11	12	188.408936	-2481.140005
9	10	12	13	188.408936	-449.716682
9	10	13	14	188.408936	-176.634162
9	10	14	15	188.408936	-92.067118
9	10	15	16	188.408936	-35.329290
9	10	16	17	188.408936	-21.748981
9	11	17	19	132.059901	-45.231008
9	11	19	21	132.059901	-19.904416
9	11	21	23	132.059901	-10.395069
9	11	23	18	132.059901	47.947223
9	11	18	20	132.059901	-29.903341
9	11	20	22	132.059901	-13.120820
9	11	22	24	132.059901	-8.138201
9	12	23	26	185.357915	-19.212472
9	12	26	29	185.357915	-9.814429
9	12	29	24	185.357915	21.281559
9	12	24	27	185.357915	-15.679034
9	12	27	30	185.357915	-8.091288
9	12	30	25	185.357915	17.737931
9	12	25	28	185.357915	-12.493472
9	12	28	31	185.357915	-7.529486
9	13	29	33	172.922104	-11.937854
9	13	33	37	172.922104	-9.583842
9	13	37	30	172.922104	18.150270
9	13	30	34	172.922104	-11.175142
9	13	34	38	172.922104	-8.860490
9	13	38	31	172.922104	16.975023
9	13	31	35	172.922104	-10.229937
9	13	35	32	172.922104	7.508292
9	13	32	36	172.922104	-10.150871
9	14	35	40	159.731435	-12.314879
9	14	40	45	159.731435	-8.088774
9	14	45	36	159.731435	17.080068
9	14	36	41	159.731435	-10.735723
9	14	41	37	159.731435	7.870675
9	14	37	42	159.731435	-9.396198
9	14	42	38	159.731435	7.032798
9	14	38	43	159.731435	-8.632868
9	14	43	39	159.731435	6.544923
9	14	39	44	159.731435	-8.249851
9	15	41	47	135.029139	-9.926140
9	15	47	42	135.029139	8.250474
9	15	42	48	135.029139	-9.670129
9	15	48	43	135.029139	7.910179
9	15	43	49	135.029139	-8.885163
9	15	49	44	135.029139	7.011584
9	15	44	50	135.029139	-8.184984
9	15	50	45	135.029139	6.534588
9	15	45	51	135.029139	-7.490675
9	15	51	46	135.029139	5.829198
9	15	46	52	135.029139	-6.732194
9	16	47	54	174.261658	-11.222141
9	16	54	48	174.261658	9.220522
9	16	48	55	174.261658	-10.512785
9	16	55	49	174.261658	9.037391
9	16	49	56	174.261658	-10.204934
9	16	56	50	174.261658	8.422881
9	16	50	57	174.261658	-9.527163
9	16	57	51	174.261658	8.086707
9	16	51	58	174.261658	-9.115861
9	16	58	52	174.261658	7.745584
9	16	52	59	174.261658	-8.954860
9	17	53	61	218.847020	-14.327008
9	17	61	54	218.847020	12.118693
9	17	54	62	218.847020	-13.488660
9	17	62	55	218.847020	11.502163
9	17	55	63	218.847020	-12.619223
9	17	63	56	218.847020	10.935486
9	17	56	64	218.847020	-11.767516
9	17	64	57	218.847020	10.160224
9	17	57	65	218.847020	-10.919599
9	17	65	58	218.847020	9.441125
9	17	58	66	218.847020	-10.172117
9	18	59	68	218.993027	-12.153160
9	18	68	60	218.993027	10.068991
9	18	60	69	218.993027	-10.209713
9	18	69	61	218.993027	8.354865
9	18	61	70	218.993027	-9.045393
9	18	70	62	218.993027	7.291130
9	18	62	71	218.993027	-8.182999
9	18	71	63	218.993027	6.904134
9	18	63	72	218.993027	-7.785172
10	11	12	13	115.148369	-1657.949250
10	11	13	14	115.148369	-348.483970
10	11	14	15	115.148369	-135.952404
10	11	15	16	115.148369	-42.365422
10	11	16	17	115.148369	-24.244658
10	11	17	18	115.148369	-14.891387
10	12	18	20	194.118815	-66.630793
10	12	20	22	194.118815	-26.743215
10	12	22	24	194.118815	-15.703453
10	12	24	19	194.118815	69.211644
10	12	19	21	194.118815	-42.511975
10	12	21	23	194.118815	-20.651151
10	12	23	25	194.118815	-10.763224
10	13	24	27	180.302760	-19.450802
10	13	27	30	180.302760	-9.282208
10	13	30	25	180.302760	21.106038
10	13	25	28	180.302760	-15.069380
10	13	28	31	180.302760	-8.556508
10	13	31	26	180.302760	17.005584
10	13	26	29	180.302760	-11.668888
10	13	29	32	180.302760	-7.596257
10	14	30	34	166.412786	-12.780142
10	14	34	38	166.412786	-9.780876
10	14	38	31	166.412786	19.031899
10	14	31	35	166.412786	-11.552126
10	14	35	39	166.412786	-9.300028
10	14	39	32	166.412786	17.732418
10	14	32	36	166.412786	-11.375886
10	14	36	33	166.412786	8.308439
10	14	33	37	166.412786	-10.781295
10	15	36	41	140.609584	-10.662655
10	15	41	46	140.609584	-7.875067
10	15	46	37	140.609584	15.732627
10	15	37	42	140.609584	-9.434127
10	15	42	38	140.609584	7.047420
10	15	38	43	140.609584	-8.642129
10	15	43	39	140.609584	6.538059
10	15	39	44	140.609584	-8.236403
10	15	44	40	140.609584	6.580636
10	15	40	45	140.609584	-8.075658
10	16	42	48	181.024353	-13.684190
10	16	48	43	181.024353	11.204434
10	16	43	49	181.024353	-12.471326
10	16	49	44	181.024353	9.839999
10	16	44	50	181.024353	-11.478519
10	16	50	45	181.024353	9.164916
10	16	45	51	181.024353	-10.488951
10	16	51	46	181.024353	8.150671
10	16	46	52	181.024353	-9.408700
10	16	52	47	181.024353	7.428868
10	16	47	53	181.024353	-8.856008
10	17	48	55	228.933126	-14.565609
10	17	55	49	228.933126	12.530076
10	17	49	56	228.933126	-13.947816
10	17	56	50	228.933126	11.500292
10	17	50	57	228.933126	-13.004993
10	17	57	51	228.933126	11.034646
10	17	51	58	228.933126	-12.437651
10	17	58	52	228.933126	10.566088
10	17	52	59	228.933126	-12.213529
10	17	59	53	228.933126	10.090650
10	17	53	60	228.933126	-11.795530
10	18	54	62	229.335409	-14.912160
10	18	62	55	229.335409	12.730701
10	18	55	63	229.335409	-13.813343
10	18	63	56	229.335409	11.959294
10	18	56	64	229.335409	-12.864067
10	18	64	57	229.335409	11.111163
10	18	57	65	229.335409	-11.938429
10	18	65	58	229.335409	10.302594
10	18	58	66	229.335409	-11.097800
10	18	66	59	229.335409	9.181153
10	18	59	67	229.335409	-9.958394
10	19	60	69	228.688950	-11.535308
10	19	69	61	228.688950	9.522712
10	19	61	70	228.688950	-9.806859
10	19	70	62	228.688950	7.891541
10	19	62	71	228.688950	-8.854927
10	19	71	63	228.688950	7.470748
10	19	63	72	228.688950	-8.416261
11	12	13	14	137.910207	-2239.633766
11	12	14	15	137.910207	-509.313064
11	12	15	16	137.910207	-105.495855
11	12	16	17	137.910207	-49.288144
11	12	17	18	137.910207	-29.053962
11	12	18	19	137.910207	-17.021701
11	13	19	21	130.701808	-44.737737
11	13	21	23	130.701808	-19.601960
11	13	23	25	130.701808	-9.587230
11	13	25	20	130.701808	45.512759
11	13	20	22	130.701808	-26.838473
11	13	22	24	130.701808	-14.582203
11	13	24	26	130.701808	-7.571697
11	14	25	28	123.915329	-14.096390
11	14	28	31	123.915329	-7.065569
11	14	31	26	123.915329	14.960347
11	14	26	29	123.915329	-10.441457
11	14	29	32	123.915329	-6.387935
11	14	32	27	123.915329	12.124335
11	14	27	30	123.915329	-8.136824
11	14	30	33	123.915329	-5.810098
11	15	31	35	109.517703	-9.443046
11	15	35	39	109.517703	-6.708931
11	15	39	32	109.517703	13.670947
11	15	32	36	109.517703	-8.927493
11	15	36	40	109.517703	-5.817321
11	15	40	33	109.517703	12.276596
11	15	33	37	109.517703	-8.253186
11	15	37	34	109.517703	5.887836
11	15	34	38	109.517703	-7.454180
11	16	37	42	132.353846	-9.589606
11	16	42	47	132.353846	-7.151206
11	16	47	38	132.353846	14.361939
11	16	38	43	132.353846	-8.518715
11	16	43	39	132.353846	6.431274
11	16	39	44	132.353846	-8.089330
11	16	44	40	132.353846	6.463537
11	16	40	45	132.353846	-7.925362
11	16	45	41	132.353846	6.187832
11	16	41	46	132.353846	-7.661226
11	17	43	49	156.329666	-11.481197
11	17	49	44	156.329666	9.097795
11	17	44	50	156.329666	-10.342792
11	17	50	45	156.329666	8.251632
11	17	45	51	156.329666	-9.431031
11	17	51	46	156.329666	7.317651
11	17	46	52	156.329666	-8.446207
11	17	52	47	156.329666	6.662767
11	17	47	53	156.329666	-7.933163
11	17	53	48	156.329666	6.274912
11	17	48	54	156.329666	-7.521418
11	18	49	56	157.762573	-10.278529
11	18	56	50	157.762573	8.503024
11	18	50	57	157.762573	-9.358786
11	18	57	51	157.762573	7.939754
11	18	51	58	157.762573	-8.950887
11	18	58	52	157.762573	7.600520
11	18	52	59	157.762573	-8.779414
11	18	59	53	157.762573	7.251102
11	18	53	60	157.762573	-8.472910
11	18	60	54	157.762573	6.974858
11	18	54	61	157.762573	-8.063730
11	19	55	63	158.188248	-10.170769
11	19	63	56	158.188248	8.841205
11	19	56	64	158.188248	-9.241937
11	19	64	57	158.188248	7.973554
11	19	57	65	158.188248	-8.564456
11	19	65	58	158.188248	7.395729
11	19	58	66	158.188248	-7.960523
11	19	66	59	158.188248	6.578228
11	19	59	67	158.188248	-7.123757
11	19	67	60	158.188248	5.690141
11	19	60	68	158.188248	-6.343076
11	20	61	70	165.251541	-8.082861
11	20	70	62	165.251541	6.643970
11	20	62	71	165.251541	-6.620739
11	20	71	63	165.251541	5.574083
11	20	63	72	165.251541	-6.283173
12	13	14	15	128.787237	-5197.673274
12	13	15	16	128.787237	-439.320314
12	13	16	17	128.787237	-116.729290
12	13	17	18	128.787237	-53.840055
12	13	18	19	128.787237	-28.398983
12	13	19	20	128.787237	-17.582136
12	14	20	22	166.529287	-58.794351
12	14	22	24	166.529287	-29.263402
12	14	24	26	166.529287	-14.243032
12	14	26	21	166.529287	66.421187
12	14	21	23	166.529287	-41.325878
12	14	23	25	166.529287	-18.628568
12	14	25	27	166.529287	-11.282678
12	15	26	29	141.624674	-16.471998
12	15	29	32	141.624674	-9.406411
12	15	32	27	141.624674	18.302815
12	15	27	30	141.624674	-12.606368
12	15	30	33	141.624674	-8.321983
12	15	33	28	141.624674	16.255611
12	15	28	31	141.624674	-11.014321
12	15	31	34	141.624674	-7.784532
12	16	32	36	179.437037	-16.105166
12	16	36	40	179.437037	-10.071304
12	16	40	33	179.437037	21.690234
12	16	33	37	179.437037	-14.686287
12	16	37	41	179.437037	-8.995381
12	16	41	34	179.437037	19.416653
12	16	34	38	179.437037	-13.160810
12	16	38	35	179.437037	9.731887
12	16	35	39	179.437037	-12.126579
12	17	38	43	225.472794	-15.791309
12	17	43	48	225.472794	-12.201296
12	17	48	39	225.472794	24.187233
12	17	39	44	225.472794	-14.611153
12	17	44	40	225.472794	11.662374
12	17	40	45	225.472794	-14.284697
12	17	45	41	225.472794	11.140618
12	17	41	46	225.472794	-13.783146
12	17	46	42	225.472794	11.077830
12	17	42	47	225.472794	-13.314724
12	18	44	50	226.774684	-16.160089
12	18	50	45	226.774684	12.917776
12	18	45	51	226.774684	-14.539914
12	18	51	46	226.774684	11.281949
12	18	46	52	226.774684	-13.000956
12	18	52	47	226.774684	10.240269
12	18	47	53	226.774684	-12.191029
12	18	53	48	226.774684	9.630343
12	18	48	54	226.774684	-11.543492
12	18	54	49	226.774684	9.658010
12	18	49	55	226.774684	-11.360844
12	19	50	57	226.573985	-14.334605
12	19	57	51	226.573985	12.179771
12	19	51	58	226.573985	-13.522331
12	19	58	52	226.573985	11.477775
12	19	52	59	226.573985	-13.248666
12	19	59	53	226.573985	10.936872
12	19	53	60	226.573985	-12.776894
12	19	60	54	226.573985	10.516583
12	19	54	61	226.573985	-12.150078
12	19	61	55	226.573985	10.125467
12	19	55	62	226.573985	-11.670693
12	20	56	64	239.710953	-14.868216
12	20	64	57	239.710953	12.859760
12	20	57	65	239.710953	-13.600811
12	20	65	58	239.710953	11.717479
12	20	58	66	239.710953	-12.616228
12	20	66	59	239.710953	10.430600
12	20	59	67	239.710953	-11.302601
12	20	67	60	239.710953	9.036551
12	20	60	68	239.710953	-10.026573
12	20	68	61	239.710953	8.012800
12	20	61	69	239.710953	-8.968142
12	21	62	71	276.365316	-12.077591
12	21	71	63	276.365316	10.279242
12	21	63	72	276.365316	-10.737018
13	14	15	16	158.842870	-3716.874525
13	14	16	17	158.842870	-546.098715
13	14	17	18	158.842870	-170.029624
13	14	18	19	158.842870	-76.169225
13	14	19	20	158.842870	-42.680884
13	14	20	21	158.842870	-22.171682
13	15	21	23	134.468801	-56.975154
13	15	23	25	134.468801	-23.696289
13	15	25	27	134.468801	-13.389656
13	15	27	22	134.468801	61.921644
13	15	22	24	134.468801	-38.842505
13	15	24	26	134.468801	-17.467184
13	15	26	28	134.468801	-9.068842
13	16	27	30	166.752823	-17.576663
13	16	30	33	166.752823	-10.869731
13	16	33	28	166.752823	21.812082
13	16	28	31	166.752823	-14.924586
13	16	31	34	166.752823	-10.089457
13	16	34	29	166.752823	19.144194
13	16	29	32	166.752823	-12.526665
13	16	32	35	166.752823	-9.209005
13	17	33	37	205.322225	-18.570822
13	17	37	41	205.322225	-10.558169
13	17	41	34	205.322225	23.791298
13	17	34	38	205.322225	-16.233999
13	17	38	42	205.322225	-9.625347
13	17	42	35	205.322225	21.386913
13	17	35	39	205.322225	-14.667050
13	17	39	36	205.322225	10.056063
13	17	36	40	205.322225	-12.309512
13	18	39	44	206.285756	-14.545413
13	18	44	49	206.285756	-10.537192
13	18	49	40	206.285756	22.180881
13	18	40	45	206.285756	-13.955419
13	18	45	41	206.285756	10.865662
13	18	41	46	206.285756	-13.439001
13	18	46	42	206.285756	10.786856
13	18	42	47	206.285756	-12.948788
13	18	47	43	206.285756	10.191761
13	18	43	48	206.285756	-12.202873
13	19	45	51	205.400864	-14.068690
13	19	51	46	205.400864	10.935169
13	19	46	52	205.400864	-12.421478
13	19	52	47	205.400864	9.778791
13	19	47	53	205.400864	-11.627879
13	19	53	48	205.400864	9.176486
13	19	48	54	205.400864	-10.988139
13	19	54	49	205.400864	9.185041
13	19	49	55	205.400864	-10.801585
13	19	55	50	205.400864	8.642037
13	19	50	56	205.400864	-10.016282
13	20	51	58	216.152278	-13.725026
13	20	58	52	216.152278	11.666318
13	20	52	59	216.152278	-13.266845
13	20	59	53	216.152278	10.943031
13	20	53	60	216.152278	-12.778823
13	20	60	54	216.152278	10.509808
13	20	54	61	216.152278	-12.141752
13	20	61	55	216.152278	10.112740
13	20	55	62	216.152278	-11.649025
13	20	62	56	216.152278	9.928279
13	20	56	63	216.152278	-11.046360
13	21	57	65	244.987198	-14.609761
13	21	65	58	244.987198	12.632208
13	21	58	66	244.987198	-13.209606
13	21	66	59	244.987198	10.915988
13	21	59	67	244.987198	-11.822449
13	21	67	60	244.987198	9.445246
13	21	60	68	244.987198	-10.477509
13	21	68	61	244.987198	8.368602
13	21	61	69	244.987198	-9.356313
13	21	69	62	244.987198	7.365646
13	21	62	70	244.987198	-8.127974
13	22	63	72	221.121674	-9.609995
14	15	16	17	72.871432	-1349.622238
14	15	17	18	72.871432	-237.004620
14	15	18	19	72.871432	-80.823199
14	15	19	20	72.871432	-39.291353
14	15	20	21	72.871432	-18.577537
14	15	21	22	72.871432	-10.905644
14	16	22	24	156.173096	-60.103452
14	16	24	26	156.173096	-24.769760
14	16	26	28	156.173096	-12.261348
14	16	28	23	156.173096	58.170945
14	16	23	25	156.173096	-35.030288
14	16	25	27	156.173096	-18.593160
14	16	27	29	156.173096	-8.485884
14	17	28	31	188.804698	-19.720641
14	17	31	34	188.804698	-12.008069
14	17	34	29	188.804698	23.948963
14	17	29	32	188.804698	-15.970025
14	17	32	35	188.804698	-11.251407
14	17	35	30	188.804698	20.756329
14	17	30	33	188.804698	-13.723726
14	17	33	36	188.804698	-10.200341
14	18	34	38	190.240987	-16.434240
14	18	38	42	190.240987	-8.982122
14	18	42	35	190.240987	20.826954
14	18	35	39	190.240987	-14.383939
14	18	39	43	190.240987	-8.492560
14	18	43	36	190.240987	18.299928
14	18	36	40	190.240987	-11.975382
14	18	40	37	190.240987	8.245797
14	18	37	41	190.240987	-10.549070
14	19	40	45	189.704707	-13.597232
14	19	45	50	189.704707	-9.197950
14	19	50	41	189.704707	19.821131
14	19	41	46	189.704707	-12.797567
14	19	46	42	189.704707	10.262169
14	19	42	47	189.704707	-12.313916
14	19	47	43	189.704707	9.675976
14	19	43	48	189.704707	-11.575862
14	19	48	44	189.704707	8.799390
14	19	44	49	189.704707	-10.201760
14	20	46	52	199.206619	-12.720661
14	20	52	47	199.206619	10.052630
14	20	47	53	199.206619	-11.647617
14	20	53	48	199.206619	9.183910
14	20	48	54	199.206619	-10.979924
14	20	54	49	199.206619	9.167038
14	20	49	55	199.206619	-10.777482
14	20	55	50	199.206619	8.605614
14	20	50	56	199.206619	-9.968566
14	20	56	51	199.206619	8.251864
14	20	51	57	199.206619	-9.541005
14	21	52	59	223.715073	-14.112674
14	21	59	53	223.715073	11.680291
14	21	53	60	223.715073	-13.305321
14	21	60	54	223.715073	10.934926
14	21	54	61	223.715073	-12.622400
14	21	61	55	223.715073	10.501694
14	21	55	62	223.715073	-12.096291
14	21	62	56	223.715073	10.302569
14	21	56	63	223.715073	-11.454374
14	21	63	57	223.715073	9.761158
14	21	57	64	223.715073	-10.618026
14	22	58	66	203.776077	-11.333737
14	22	66	59	203.776077	9.407184
14	22	59	67	203.776077	-9.860523
14	22	67	60	203.776077	7.872647
14	22	60	68	203.776077	-8.725497
14	22	68	61	203.776077	6.963120
14	22	61	69	203.776077	-7.779960
14	22	69	62	203.776077	6.120140
14	22	62	70	203.776077	-6.744063
14	22	70	63	203.776077	5.540660
14	22	63	71	203.776077	-6.349782
15	16	17	18	114.298386	-1161.984802
15	16	18	19	114.298386	-244.502072
15	16	19	20	114.298386	-95.004706
15	16	20	21	114.298386	-39.139887
15	16	21	22	114.298386	-21.003959
15	16	22	23	114.298386	-15.351062
15	17	23	25	158.356674	-48.270825
15	17	25	27	158.356674	-23.000596
15	17	27	29	158.356674	-9.812714
15	17	29	24	158.356674	51.830204
15	17	24	26	158.356674	-32.510577
15	17	26	28	158.356674	-14.896479
15	17	28	30	158.356674	-8.038393
15	18	29	32	160.056483	-16.171072
15	18	32	35	160.056483	-10.031781
15	18	35	30	160.056483	19.622844
15	18	30	33	160.056483	-13.322892
15	18	33	36	160.056483	-9.167061
15	18	36	31	160.056483	17.311493
15	18	31	34	160.056483	-11.582447
15	18	34	37	160.056483	-8.092791
15	19	35	39	160.040283	-12.994839
15	19	39	43	160.040283	-6.991266
15	19	43	36	160.040283	16.080898
15	19	36	40	160.040283	-10.767109
15	19	40	44	160.040283	-7.228729
15	19	44	37	160.040283	14.389083
15	19	37	41	160.040283	-9.131509
15	19	41	38	160.040283	6.281797
15	19	38	42	160.040283	-7.968127
15	20	41	46	167.356130	-12.004071
15	20	46	51	167.356130	-7.058116
15	20	51	42	167.356130	16.745641
15	20	42	47	167.356130	-11.121089
15	20	47	43	167.356130	8.729870
15	20	43	48	167.356130	-10.427697
15	20	48	44	167.356130	7.920955
15	20	44	49	167.356130	-9.168972
15	20	49	45	167.356130	6.983423
15	20	45	50	167.356130	-8.485189
15	21	47	53	185.037384	-11.060499
15	21	53	48	185.037384	8.771873
15	21	48	54	185.037384	-10.134487
15	21	54	49	185.037384	8.455775
15	21	49	55	185.037384	-9.932128
15	21	55	50	185.037384	7.920230
15	21	50	56	185.037384	-9.170348
15	21	56	51	185.037384	7.581283
15	21	51	57	185.037384	-8.756417
15	21	57	52	185.037384	7.251253
15	21	52	58	185.037384	-8.353865
15	22	53	60	171.547007	-10.439212
15	22	60	54	171.547007	8.629040
15	22	54	61	171.547007	-9.575117
15	22	61	55	171.547007	7.955936
15	22	55	62	171.547007	-9.159337
15	22	62	56	171.547007	7.793591
15	22	56	63	171.547007	-8.664384
15	22	63	57	171.547007	7.377212
15	22	57	64	171.547007	-8.023195
15	22	64	58	171.547007	6.821425
15	22	58	65	171.547007	-7.406472
15	23	59	67	190.067942	-9.875626
15	23	67	60	190.067942	7.987154
15	23	60	68	190.067942	-8.262557
15	23	68	61	190.067942	6.593415
15	23	61	69	190.067942	-7.360438
15	23	69	62	190.067942	5.782186
15	23	62	70	190.067942	-6.366190
15	23	70	63	190.067942	5.226871
15	23	63	71	190.067942	-5.983845
15	23	71	64	190.067942	5.134783
15	23	64	72	190.067942	-5.885333
16	17	18	19	122.785077	-1170.360352
16	17	19	20	122.785077	-275.700370
16	17	20	21	122.785077	-88.394487
16	17	21	22	122.785077	-41.647246
16	17	22	23	122.785077	-27.858772
16	17	23	24	122.785077	-14.086994
16	18	24	26	204.647685	-68.583156
16	18	26	28	204.647685	-28.699057
16	18	28	30	204.647685	-14.589674
16	18	30	25	204.647685	71.980502
16	18	25	27	204.647685	-47.194093
16	18	27	29	204.647685	-18.372689
16	18	29	31	204.647685	-11.349060
16	19	30	33	204.942408	-21.896608
16	19	33	36	204.942408	-13.836641
16	19	36	31	204.942408	27.275657
16	19	31	34	204.942408	-18.577998
16	19	34	37	204.942408	-12.114656
16	19	37	32	204.942408	23.817824
16	19	32	35	204.942408	-16.349106
16	19	35	38	204.942408	-10.361411
16	20	36	40	217.527568	-16.825844
16	20	40	44	217.527568	-10.560141
16	20	44	37	217.527568	21.797551
16	20	37	41	217.527568	-13.941558
16	20	41	45	217.527568	-10.225255
16	20	45	38	217.527568	19.775284
16	20	38	42	217.527568	-12.063754
16	20	42	39	217.527568	8.321170
16	20	39	43	217.527568	-10.934684
16	21	42	47	248.187637	-18.142589
16	21	47	52	248.187637	-9.823811
16	21	52	43	248.187637	24.175968
16	21	43	48	248.187637	-16.343112
16	21	48	44	248.187637	12.389490
16	21	44	49	248.187637	-14.335472
16	21	49	45	248.187637	10.899948
16	21	45	50	248.187637	-13.220680
16	21	50	46	248.187637	9.787075
16	21	46	51	248.187637	-11.619850
16	22	48	54	224.097188	-13.083250
16	22	54	49	224.097188	10.947389
16	22	49	55	224.097188	-12.535811
16	22	55	50	224.097188	9.995975
16	22	50	56	224.097188	-11.562902
16	22	56	51	224.097188	9.546753
16	22	51	57	224.097188	-11.022105
16	22	57	52	224.097188	9.121566
16	22	52	58	224.097188	-10.496784
16	22	58	53	224.097188	8.359846
16	22	53	59	224.097188	-9.953776
16	23	54	61	256.803375	-15.544045
16	23	61	55	256.803375	12.950920
16	23	55	62	256.803375	-14.603602
16	23	62	56	256.803375	12.419403
16	23	56	63	256.803375	-13.800042
16	23	63	57	256.803375	11.739786
16	23	57	64	256.803375	-12.766055
16	23	64	58	256.803375	10.854944
16	23	58	65	256.803375	-11.779754
16	23	65	59	256.803375	9.558165
16	23	59	66	256.803375	-10.445919
16	24	60	68	239.991338	-11.760851
16	24	68	61	239.991338	9.574614
16	24	61	69	239.991338	-9.551441
16	24	69	62	239.991338	7.496800
16	24	62	70	239.991338	-8.247913
16	24	70	63	239.991338	6.757702
16	24	63	71	239.991338	-7.732836
16	24	71	64	239.991338	6.628390
16	24	64	72	239.991338	-7.589310
17	18	19	20	199.831889	-2162.288399
17	18	20	21	199.831889	-406.471648
17	18	21	22	199.831889	-150.013661
17	18	22	23	199.831889	-88.931263
17	18	23	24	199.831889	-41.304696
17	18	24	25	199.831889	-24.781068
17	19	25	27	261.861766	-96.762161
17	19	27	29	261.861766	-34.215403
17	19	29	31	261.861766	-20.289902
17	19	31	26	261.861766	92.196122
17	19	26	28	261.861766	-57.232705
17	19	28	30	261.861766	-26.724638
17	19	30	32	261.861766	-14.888937
17	20	31	34	289.048258	-33.828824
17	20	34	37	289.048258	-20.136349
17	20	37	32	289.048258	41.272483
17	20	32	35	289.048258	-28.448159
17	20	35	38	289.048258	-17.499570
17	20	38	33	289.048258	34.802203
17	20	33	36	289.048258	-24.116825
17	20	36	39	289.048258	-14.662980
17	21	37	41	328.022298	-23.126567
17	21	41	45	328.022298	-16.169224
17	21	45	38	328.022298	31.979749
17	21	38	42	328.022298	-19.672640
17	21	42	46	328.022298	-16.072289
17	21	46	39	328.022298	29.574050
17	21	39	43	328.022298	-17.677087
17	21	43	40	328.022298	13.049553
17	21	40	44	328.022298	-17.407849
17	22	43	48	295.827433	-20.685650
17	22	48	53	295.827433	-11.989798
17	22	53	44	295.827433	27.676718
17	22	44	49	295.827433	-17.947323
17	22	49	45	295.827433	13.619295
17	22	45	50	295.827433	-16.495669
17	22	50	46	295.827433	12.193496
17	22	46	51	295.827433	-14.479523
17	22	51	47	295.827433	10.881882
17	22	47	52	295.827433	-13.039439
17	23	49	55	334.796885	-20.365040
17	23	55	50	334.796885	16.247590
17	23	50	56	334.796885	-18.592092
17	23	56	51	334.796885	15.331162
17	23	51	57	334.796885	-17.687000
17	23	57	52	334.796885	14.619044
17	23	52	58	334.796885	-16.811908
17	23	58	53	334.796885	13.374889
17	23	53	59	334.796885	-15.911356
17	23	59	54	334.796885	12.573413
17	23	54	60	334.796885	-15.190692
17	24	55	62	318.417084	-18.830318
17	24	62	56	318.417084	16.010683
17	24	56	63	318.417084	-17.673415
17	24	63	57	318.417084	15.030603
17	24	57	64	318.417084	-16.339985
17	24	64	58	318.417084	13.875355
17	24	58	65	318.417084	-15.050278
17	24	65	59	318.417084	12.210741
17	24	59	66	318.417084	-13.340219
17	24	66	60	318.417084	10.409015
17	24	60	67	318.417084	-11.495828
17	25	61	69	346.752584	-14.694275
17	25	69	62	346.752584	11.638038
17	25	62	70	346.752584	-12.239917
17	25	70	63	346.752584	10.014165
17	25	63	71	346.752584	-11.441308
17	25	71	64	346.752584	9.791737
17	25	64	72	346.752584	-11.197868
18	19	20	21	76.231906	-696.462712
18	19	21	22	76.231906	-146.729409
18	19	22	23	76.231906	-68.624416
18	19	23	24	76.231906	-28.350640
18	19	24	25	76.231906	-15.777276
18	19	25	26	76.231906	-10.576532
18	20	26	28	231.710119	-78.574818
18	20	28	30	231.710119	-33.456594
18	20	30	32	231.710119	-17.897945
18	20	32	27	231.710119	77.571611
18	20	27	29	231.710119	-45.556140
18	20	29	31	231.710119	-24.387879
18	20	31	33	231.710119	-14.155204
18	21	32	35	323.030192	-38.625109
18	21	35	38	323.030192	-21.329086
18	21	38	33	323.030192	44.410650
18	21	33	36	323.030192	-31.749945
18	21	36	39	323.030192	-17.411991
18	21	39	34	323.030192	36.240475
18	21	34	37	323.030192	-25.831582
18	21	37	40	323.030192	-13.964809
18	22	38	42	288.477193	-18.720571
18	22	42	46	288.477193	-14.552126
18	22	46	39	288.477193	27.384465
18	22	39	43	288.477193	-16.500680
18	22	43	47	288.477193	-13.746427
18	22	47	40	288.477193	25.869458
18	22	40	44	288.477193	-16.121625
18	22	44	41	288.477193	11.617442
18	22	41	45	288.477193	-15.073203
18	23	44	49	328.064178	-21.822244
18	23	49	54	328.064178	-14.194912
18	23	54	45	328.064178	30.757322
18	23	45	50	328.064178	-19.834730
18	23	50	46	328.064178	14.628042
18	23	46	51	328.064178	-17.350426
18	23	51	47	328.064178	13.017531
18	23	47	52	328.064178	-15.578585
18	23	52	48	328.064178	11.606281
18	23	48	53	328.064178	-14.471761
18	24	50	56	313.725189	-18.126906
18	24	56	51	313.725189	14.941607
18	24	51	57	313.725189	-17.099221
18	24	57	52	313.725189	14.119849
18	24	52	58	313.725189	-16.220386
18	24	58	53	313.725189	12.888232
18	24	53	59	313.725189	-15.322400
18	24	59	54	313.725189	12.093726
18	24	54	60	313.725189	-14.598997
18	24	60	55	313.725189	11.732793
18	24	55	61	313.725189	-13.944934
18	25	56	63	338.818949	-19.484752
18	25	63	57	338.818949	16.584152
18	25	57	64	338.818949	-17.813346
18	25	64	58	338.818949	15.116568
18	25	58	65	338.818949	-16.390150
18	25	65	59	338.818949	13.285483
18	25	59	66	338.818949	-14.511641
18	25	66	60	338.818949	11.315811
18	25	60	67	338.818949	-12.495787
18	25	67	61	338.818949	9.674825
18	25	61	68	338.818949	-10.996149
18	26	62	70	318.330760	-11.983792
18	26	70	63	318.330760	9.866453
18	26	63	71	318.330760	-10.855061
18	26	71	64	318.330760	9.292673
18	26	64	72	318.330760	-10.607963
19	20	21	22	242.101796	-1975.891266
19	20	22	23	242.101796	-542.632108
19	20	23	24	242.101796	-179.420226
19	20	24	25	242.101796	-89.994887
19	20	25	26	242.101796	-56.451761
19	20	26	27	242.101796	-33.717520
19	21	27	29	226.890834	-64.683645
19	21	29	31	226.890834	-31.001711
19	21	31	33	226.890834	-17.476511
19	21	33	28	226.890834	75.835505
19	21	28	30	226.890834	-44.937952
19	21	30	32	226.890834	-22.838061
19	21	32	34	226.890834	-14.717971
19	22	33	36	286.423360	-33.928279
19	22	36	39	286.423360	-17.090733
19	22	39	34	286.423360	36.922635
19	22	34	37	286.423360	-26.871658
19	22	37	40	286.423360	-13.420874
19	22	40	35	286.423360	29.855701
19	22	35	38	286.423360	-22.046755
19	22	38	41	286.423360	-11.373799
19	23	39	43	328.920939	-21.578922
19	23	43	47	328.920939	-16.918415
19	23	47	40	328.920939	32.769990
19	23	40	44	328.920939	-20.576286
19	23	44	48	328.920939	-15.455359
19	23	48	41	328.920939	30.210023
19	23	41	45	328.920939	-19.097329
19	23	45	42	328.920939	14.280169
19	23	42	46	328.920939	-18.569191
19	24	45	50	314.563019	-20.029277
19	24	50	55	314.563019	-13.156206
19	24	55	46	314.563019	27.934933
19	24	46	51	314.563019	-17.374158
19	24	51	47	314.563019	13.005201
19	24	47	52	314.563019	-15.540436
19	24	52	48	314.563019	11.557781
19	24	48	53	314.563019	-14.392407
19	24	53	49	314.563019	11.499200
19	24	49	54	314.563019	-14.254133
19	25	51	57	339.541575	-19.400420
19	25	57	52	339.541575	16.032418
19	25	52	58	339.541575	-18.174028
19	25	58	53	339.541575	14.421030
19	25	53	59	339.541575	-17.120006
19	25	59	54	339.541575	13.493340
19	25	54	60	339.541575	-16.274165
19	25	60	55	339.541575	13.062267
19	25	55	61	339.541575	-15.507292
19	25	61	56	339.541575	12.799263
19	25	56	62	339.541575	-15.094673
19	26	57	64	318.517263	-17.640182
19	26	64	58	318.517263	14.980483
19	26	58	65	318.517263	-16.106029
19	26	65	59	318.517263	13.039091
19	26	59	66	318.517263	-14.230363
19	26	66	60	318.517263	11.083976
19	26	60	67	318.517263	-12.229207
19	26	67	61	318.517263	9.460196
19	26	61	68	318.517263	-10.736615
19	26	68	62	318.517263	8.136015
19	26	62	69	318.517263	-9.364403
19	27	63	71	326.328440	-11.895629
19	27	71	64	326.328440	10.219837
19	27	64	72	326.328440	-11.208118
20	21	22	23	340.685384	-2860.670851
20	21	23	24	340.685384	-545.695570
20	21	24	25	340.685384	-218.668666
20	21	25	26	340.685384	-125.056382
20	21	26	27	340.685384	-69.967882
20	21	27	28	340.685384	-33.186784
20	22	28	30	236.020447	-68.512523
20	22	30	32	236.020447	-31.223913
20	22	32	34	236.020447	-18.958018
20	22	34	29	236.020447	77.813533
20	22	29	31	236.020447	-45.937026
20	22	31	33	236.020447	-23.764947
20	22	33	35	236.020447	-13.889331
20	23	34	37	346.709452	-42.340956
20	23	37	40	346.709452	-18.939780
20	23	40	35	346.709452	46.018784
20	23	35	38	346.709452	-34.841051
20	23	38	41	346.709452	-15.943559
20	23	41	36	346.709452	33.910020
20	23	36	39	346.709452	-24.419358
20	23	39	42	346.709452	-13.418578
20	24	40	44	328.761180	-22.126823
20	24	44	48	328.761180	-16.057935
20	24	48	41	328.761180	31.863076
20	24	41	45	328.761180	-20.286143
20	24	45	49	328.761180	-14.030306
20	24	49	42	328.761180	29.142730
20	24	42	46	328.761180	-19.598832
20	24	46	43	328.761180	14.394913
20	24	43	47	328.761180	-18.107338
20	25	46	51	360.306844	-20.969568
20	25	51	56	360.306844	-14.797503
20	25	56	47	360.306844	30.498059
20	25	47	52	360.306844	-18.593873
20	25	52	48	360.306844	13.807477
20	25	48	53	360.306844	-17.166867
20	25	53	49	360.306844	13.710446
20	25	49	54	360.306844	-16.955782
20	25	54	50	360.306844	12.874723
20	25	50	55	360.306844	-15.753721
20	26	52	58	333.956350	-18.948013
20	26	58	53	333.956350	15.024138
20	26	53	59	333.956350	-17.743869
20	26	59	54	333.956350	13.965377
20	26	54	60	333.956350	-16.820648
20	26	60	55	333.956350	13.473390
20	26	55	61	333.956350	-15.989718
20	26	61	56	333.956350	13.181953
20	26	56	62	333.956350	-15.535627
20	26	62	57	333.956350	12.922325
20	26	57	63	333.956350	-14.622003
20	27	58	65	344.217997	-18.277232
20	27	65	59	344.217997	14.802644
20	27	59	66	344.217997	-16.011008
20	27	66	60	344.217997	12.456933
20	27	60	67	344.217997	-13.728235
20	27	67	61	344.217997	10.597913
20	27	61	68	344.217997	-12.026634
20	27	68	62	344.217997	9.100641
20	27	62	69	344.217997	-10.456662
20	27	69	63	344.217997	8.343035
20	27	63	70	344.217997	-9.375022
20	28	64	72	331.606110	-11.697261
21	22	23	24	108.217214	-733.668823
21	22	24	25	108.217214	-166.177455
21	22	25	26	108.217214	-77.317530
21	22	26	27	108.217214	-39.980036
21	22	27	28	108.217214	-16.994702
21	22	28	29	108.217214	-11.778494
21	23	29	31	206.236821	-68.722423
21	23	31	33	206.236821	-32.569205
21	23	33	35	206.236821	-18.195146
21	23	35	30	206.236821	77.994551
21	23	30	32	206.236821	-45.249937
21	23	32	34	206.236821	-25.541736
21	23	34	36	206.236821	-14.410724
21	24	35	38	348.174947	-42.362040
21	24	38	41	348.174947	-18.190642
21	24	41	36	348.174947	40.948856
21	24	36	39	348.174947	-30.236547
21	24	39	42	348.174947	-15.079308
21	24	42	37	348.174947	32.057841
21	24	37	40	348.174947	-22.344488
21	24	40	43	348.174947	-14.062393
21	25	41	45	357.473073	-24.452787
21	25	45	49	357.473073	-16.358626
21	25	49	42	357.473073	34.524289
21	25	42	46	357.473073	-23.355622
21	25	46	50	357.473073	-14.533011
21	25	50	43	357.473073	31.629044
21	25	43	47	357.473073	-21.453866
21	25	47	44	357.473073	15.075906
21	25	44	48	357.473073	-19.034211
21	26	47	52	356.005157	-20.202604
21	26	52	57	356.005157	-15.080908
21	26	57	48	356.005157	30.056540
21	26	48	53	356.005157	-18.545859
21	26	53	49	356.005157	14.782922
21	26	49	54	356.005157	-18.256285
21	26	54	50	356.005157	13.832949
21	26	50	55	356.005157	-16.903514
21	26	55	51	356.005157	13.394055
21	26	51	56	356.005157	-15.972254
21	27	53	59	367.552287	-20.978787
21	27	59	54	367.552287	16.495538
21	27	54	60	367.552287	-19.804608
21	27	60	55	367.552287	15.846850
21	27	55	61	367.552287	-18.792405
21	27	61	56	367.552287	15.480540
21	27	56	62	367.552287	-18.233008
21	27	62	57	367.552287	15.153063
21	27	57	63	367.552287	-17.139572
21	27	63	58	367.552287	14.300428
21	27	58	64	367.552287	-15.762375
21	28	59	66	351.643483	-16.855930
21	28	66	60	351.643483	13.106401
21	28	60	67	351.643483	-14.417655
21	28	67	61	351.643483	11.122044
21	28	61	68	351.643483	-12.592227
21	28	68	62	351.643483	9.507774
21	28	62	69	351.643483	-10.930535
21	28	69	63	351.643483	8.710144
21	28	63	70	351.643483	-9.774094
21	28	70	64	351.643483	8.139893
21	28	64	71	351.643483	-9.501883
22	23	24	25	111.655955	-744.657270
22	23	25	26	111.655955	-217.021015
22	23	26	27	111.655955	-96.244544
22	23	27	28	111.655955	-37.216160
22	23	28	29	111.655955	-22.945567
22	23	29	30	111.655955	-15.474669
22	24	30	32	194.206573	-64.300728
22	24	32	34	194.206573	-34.079641
22	24	34	36	194.206573	-17.255425
22	24	36	31	194.206573	77.116521
22	24	31	33	194.206573	-45.034732
22	24	33	35	194.206573	-23.234402
22	24	35	37	194.206573	-14.384333
22	25	36	39	342.526835	-36.984354
22	25	39	42	342.526835	-16.805932
22	25	42	37	342.526835	37.124068
22	25	37	40	342.526835	-26.294924
22	25	40	43	342.526835	-15.623558
22	25	43	38	342.526835	30.526705
22	25	38	41	342.526835	-20.901165
22	25	41	44	342.526835	-14.496682
22	26	42	46	323.813222	-24.295656
22	26	46	50	323.813222	-14.531578
22	26	50	43	323.813222	32.278111
22	26	43	47	323.813222	-22.021822
22	26	47	51	323.813222	-12.927222
22	26	51	44	323.813222	28.338654
22	26	44	48	323.813222	-19.415943
22	26	48	45	323.813222	13.838548
22	26	45	49	323.813222	-16.713451
22	27	48	53	334.023956	-19.166889
22	27	53	58	334.023956	-13.806214
22	27	58	49	334.023956	29.069790
22	27	49	54	334.023956	-18.691182
22	27	54	50	334.023956	14.121543
22	27	50	55	334.023956	-17.239068
22	27	55	51	334.023956	13.650605
22	27	51	56	334.023956	-16.258108
22	27	56	52	334.023956	12.932322
22	27	52	57	334.023956	-15.354951
22	28	54	60	323.275289	-18.215536
22	28	60	55	323.275289	14.580479
22	28	55	61	323.275289	-17.159627
22	28	61	56	323.275289	14.125262
22	28	56	62	323.275289	-16.619333
22	28	62	57	323.275289	13.804252
22	28	57	63	323.275289	-15.605250
22	28	63	58	323.275289	13.007028
22	28	58	64	323.275289	-14.332807
22	28	64	59	323.275289	11.355576
22	28	59	65	323.275289	-12.537853
22	29	60	67	361.503326	-15.911179
22	29	67	61	361.503326	12.324786
22	29	61	68	361.503326	-13.649810
22	29	68	62	361.503326	10.297671
22	29	62	69	361.503326	-11.810058
22	29	69	63	361.503326	9.402808
22	29	63	70	361.503326	-10.541340
22	29	70	64	361.503326	8.768884
22	29	64	71	361.503326	-10.226035
22	29	71	65	361.503326	8.640805
22	29	65	72	361.503326	-10.055914
23	24	25	26	128.556880	-816.616712
23	24	26	27	128.556880	-222.574449
23	24	27	28	128.556880	-76.379409
23	24	28	29	128.556880	-42.228829
23	24	29	30	128.556880	-25.967325
23	24	30	31	128.556880	-13.995179
23	25	31	33	239.319422	-80.677178
23	25	33	35	239.319422	-40.305075
23	25	35	37	239.319422	-21.310703
23	25	37	32	239.319422	95.908165
23	25	32	34	239.319422	-59.218968
23	25	34	36	239.319422	-28.106359
23	25	36	38	239.319422	-14.153907
23	26	37	40	325.611786	-30.443699
23	26	40	43	325.611786	-16.746150
23	26	43	38	325.611786	33.663937
23	26	38	41	325.611786	-23.424853
23	26	41	44	325.611786	-15.340911
23	26	44	39	325.611786	28.714974
23	26	39	42	325.611786	-18.548050
23	26	42	45	325.611786	-14.459688
23	27	43	47	366.639852	-27.365357
23	27	47	51	366.639852	-15.533679
23	27	51	44	366.639852	34.621519
23	27	44	48	366.639852	-23.870869
23	27	48	52	366.639852	-13.713236
23	27	52	45	366.639852	30.661041
23	27	45	49	366.639852	-20.432286
23	27	49	46	366.639852	13.774715
23	27	46	50	366.639852	-17.848662
23	28	49	54	353.174316	-20.198559
23	28	54	59	353.174316	-13.771141
23	28	59	50	353.174316	29.003825
23	28	50	55	353.174316	-18.548786
23	28	55	51	353.174316	14.664670
23	28	51	56	353.174316	-17.447209
23	28	56	52	353.174316	13.860244
23	28	52	57	353.174316	-16.437774
23	28	57	53	353.174316	12.482073
23	28	53	58	353.174316	-14.855352
23	29	55	61	400.323832	-22.194935
23	29	61	56	400.323832	18.238519
23	29	56	62	400.323832	-21.344803
23	29	62	57	400.323832	17.701965
23	29	57	63	400.323832	-19.998238
23	29	63	58	400.323832	16.654492
23	29	58	64	400.323832	-18.345189
23	29	64	59	400.323832	14.507980
23	29	59	65	400.323832	-16.014298
23	29	65	60	400.323832	12.107169
23	29	60	66	400.323832	-13.533200
23	30	61	68	341.711680	-13.361498
23	30	68	62	341.711680	10.014932
23	30	62	69	341.711680	-11.693074
23	30	69	63	341.711680	9.290703
23	30	63	70	341.711680	-10.404904
23	30	70	64	341.711680	8.641537
23	30	64	71	341.711680	-10.065752
23	30	71	65	341.711680	8.489801
23	30	65	72	341.711680	-9.861479
24	25	26	27	124.576281	-735.311237
24	25	27	28	124.576281	-162.098846
24	25	28	29	124.576281	-80.341826
24	25	29	30	124.576281	-41.396697
24	25	30	31	124.576281	-26.246246
24	25	31	32	124.576281	-14.200338
24	26	32	34	266.613871	-106.240143
24	26	34	36	266.613871	-47.784721
24	26	36	38	266.613871	-21.580638
24	26	38	33	266.613871	112.635968
24	26	33	35	266.613871	-69.634551
24	26	35	37	266.613871	-34.677053
24	26	37	39	266.613871	-14.414375
24	27	38	41	313.360291	-28.070471
24	27	41	44	313.360291	-17.171444
24	27	44	39	313.360291	32.929880
24	27	39	42	313.360291	-21.549666
24	27	42	45	313.360291	-16.111198
24	27	45	40	313.360291	29.553430
24	27	40	43	313.360291	-19.147484
24	27	43	46	313.360291	-14.937940
24	28	44	48	331.791229	-23.333534
24	28	48	52	331.791229	-12.967607
24	28	52	45	331.791229	29.501771
24	28	45	49	331.791229	-19.775473
24	28	49	53	331.791229	-12.812048
24	28	53	46	331.791229	26.099613
24	28	46	50	331.791229	-17.178004
24	28	50	47	331.791229	11.927107
24	28	47	51	331.791229	-14.960892
24	29	50	55	371.905202	-21.489854
24	29	55	60	371.905202	-14.778818
24	29	60	51	371.905202	31.743461
24	29	51	56	371.905202	-19.979193
24	29	56	52	371.905202	15.840619
24	29	52	57	371.905202	-18.756697
24	29	57	53	371.905202	14.215303
24	29	53	58	371.905202	-16.886493
24	29	58	54	371.905202	12.552364
24	29	54	59	371.905202	-15.618306
24	30	56	62	322.966309	-18.810041
24	30	62	57	322.966309	15.576495
24	30	57	63	322.966309	-17.550406
24	30	63	58	322.966309	14.611591
24	30	58	64	322.966309	-16.080901
24	30	64	59	322.966309	12.693647
24	30	59	65	322.966309	-14.010503
24	30	65	60	322.966309	10.582995
24	30	60	66	322.966309	-11.811454
24	30	66	61	322.966309	8.814350
24	30	61	67	322.966309	-9.983151
24	31	62	69	362.381500	-13.751030
24	31	69	63	362.381500	10.974997
24	31	63	70	362.381500	-11.896209
24	31	70	64	362.381500	9.861675
24	31	64	71	362.381500	-11.470168
24	31	71	65	362.381500	9.661896
24	31	65	72	362.381500	-11.220111
25	26	27	28	99.518761	-518.344562
25	26	28	29	99.518761	-153.076634
25	26	29	30	99.518761	-68.276141
25	26	30	31	99.518761	-36.595728
25	26	31	32	99.518761	-21.234510
25	26	32	33	99.518761	-14.576615
25	27	33	35	300.528086	-123.892744
25	27	35	37	300.528086	-56.861632
25	27	37	39	300.528086	-21.429375
25	27	39	34	300.528086	122.641868
25	27	34	36	300.528086	-79.727577
25	27	36	38	300.528086	-34.031635
25	27	38	40	300.528086	-14.647880
25	28	39	42	332.632284	-26.203937
25	28	42	45	332.632284	-18.702654
25	28	45	40	332.632284	34.830777
25	28	40	43	332.632284	-22.841598
25	28	43	46	332.632284	-17.136971
25	28	46	41	332.632284	30.831149
25	28	41	44	332.632284	-20.264198
25	28	44	47	332.632284	-14.725810
25	29	45	49	411.812520	-27.672077
25	29	49	53	411.812520	-17.465310
25	29	53	46	411.812520	35.988803
25	29	46	50	411.812520	-23.796872
25	29	50	54	411.812520	-16.180632
25	29	54	47	411.812520	32.635480
25	29	47	51	411.812520	-20.637371
25	29	51	48	411.812520	14.124347
25	29	48	52	411.812520	-17.944538
25	30	51	56	349.467926	-20.956927
25	30	56	61	349.467926	-14.987833
25	30	61	52	349.467926	31.563409
25	30	52	57	349.467926	-19.634476
25	30	57	53	349.467926	14.851387
25	30	53	58	349.467926	-17.610393
25	30	58	54	349.467926	13.070053
25	30	54	59	349.467926	-16.232120
25	30	59	55	349.467926	12.251060
25	30	55	60	349.467926	-15.455785
25	31	57	63	397.613708	-23.847389
25	31	63	58	397.613708	19.822389
25	31	58	64	397.613708	-21.765215
25	31	64	59	397.613708	17.170884
25	31	59	65	397.613708	-18.928422
25	31	65	60	397.613708	14.276976
25	31	60	66	397.613708	-15.931676
25	31	66	61	397.613708	11.872154
25	31	61	67	397.613708	-13.434098
25	31	67	62	397.613708	9.662194
25	31	62	68	397.613708	-11.389439
25	32	63	70	421.126394	-15.200777
25	32	70	64	421.126394	12.612496
25	32	64	71	421.126394	-14.419200
25	32	71	65	421.126394	12.126333
25	32	65	72	421.126394	-14.059803
26	27	28	29	89.816704	-560.878899
26	27	29	30	89.816704	-139.060653
26	27	30	31	89.816704	-63.071896
26	27	31	32	89.816704	-32.893182
26	27	32	33	89.816704	-21.898648
26	27	33	34	89.816704	-14.579942
26	28	34	36	330.088033	-121.559073
26	28	36	38	330.088033	-47.732696
26	28	38	40	330.088033	-18.541140
26	28	40	35	330.088033	119.160548
26	28	35	37	330.088033	-83.763498
26	28	37	39	330.088033	-28.266281
26	28	39	41	330.088033	-13.494184
26	29	40	43	337.082153	-28.025025
26	29	43	46	337.082153	-19.461764
26	29	46	41	337.082153	36.058683
26	29	41	44	337.082153	-24.019108
26	29	44	47	337.082153	-16.686838
26	29	47	42	337.082153	32.238268
26	29	42	45	337.082153	-21.774090
26	29	45	48	337.082153	-14.581308
26	30	46	50	325.478465	-21.405519
26	30	50	54	325.478465	-14.221080
26	30	54	47	325.478465	28.947748
26	30	47	51	325.478465	-18.431523
26	30	51	55	325.478465	-13.560962
26	30	55	48	325.478465	26.127778
26	30	48	52	325.478465	-15.935180
26	30	52	49	325.478465	11.826721
26	30	49	53	325.478465	-15.493690
26	31	52	57	364.133799	-22.757200
26	31	57	62	364.133799	-16.405220
26	31	62	53	364.133799	33.611858
26	31	53	58	364.133799	-20.245545
26	31	58	54	364.133799	14.994474
26	31	54	59	364.133799	-18.591887
26	31	59	55	364.133799	14.012798
26	31	55	60	364.133799	-17.657035
26	31	60	56	364.133799	13.866259
26	31	56	61	364.133799	-17.041850
26	32	58	64	381.218719	-22.897421
26	32	64	59	381.218719	18.067377
26	32	59	65	381.218719	-19.755881
26	32	65	60	381.218719	14.880779
26	32	60	66	381.218719	-16.589370
26	32	66	61	381.218719	12.343835
26	32	61	67	381.218719	-13.954037
26	32	67	62	381.218719	10.019193
26	32	62	68	381.218719	-11.792503
26	32	68	63	381.218719	8.977186
26	32	63	69	381.218719	-10.651183
26	33	64	71	315.361328	-11.895920
26	33	71	65	315.361328	9.985470
26	33	65	72	315.361328	-11.573283
27	28	29	30	122.099256	-611.483887
27	28	30	31	122.099256	-167.803958
27	28	31	32	122.099256	-73.942162
27	28	32	33	122.099256	-44.278105
27	28	33	34	122.099256	-28.378437
27	28	34	35	122.099256	-14.360977
27	29	35	37	336.158203	-138.095240
27	29	37	39	336.158203	-40.751688
27	29	39	41	336.158203	-17.779829
27	29	41	36	336.158203	105.854801
27	29	36	38	336.158203	-72.042637
27	29	38	40	336.158203	-25.619440
27	29	40	42	336.158203	-14.168314
27	30	41	44	332.717021	-29.859222
27	30	44	47	332.717021	-19.573330
27	30	47	42	332.717021	38.634622
27	30	42	45	332.717021	-26.474920
27	30	45	48	332.717021	-16.851915
27	30	48	43	332.717021	33.533547
27	30	43	46	332.717021	-23.483481
27	30	46	49	332.717021	-13.321131
27	31	47	51	371.957397	-24.295224
27	31	51	55	371.957397	-17.325748
27	31	55	48	371.957397	33.840234
27	31	48	52	371.957397	-20.781626
27	31	52	56	371.957397	-16.268594
27	31	56	49	371.957397	31.640292
27	31	49	53	371.957397	-20.090418
27	31	53	50	371.957397	13.892647
27	31	50	54	371.957397	-18.348850
27	32	53	58	354.626088	-22.105591
27	32	58	63	354.626088	-16.474665
27	32	63	54	354.626088	32.838404
27	32	54	59	354.626088	-20.138011
27	32	59	55	354.626088	15.139677
27	32	55	60	354.626088	-19.046060
27	32	60	56	354.626088	14.927199
27	32	56	61	354.626088	-18.326548
27	32	61	57	354.626088	14.577894
27	32	57	62	354.626088	-17.722992
27	33	59	65	320.305298	-18.754891
27	33	65	60	320.305298	14.099855
27	33	60	66	320.305298	-15.725487
27	33	66	61	320.305298	11.685574
27	33	61	67	320.305298	-13.201690
27	33	67	62	320.305298	9.463117
27	33	62	68	320.305298	-11.116412
27	33	68	63	320.305298	8.447743
27	33	63	69	320.305298	-10.012295
27	33	69	64	320.305298	8.063431
27	33	64	70	320.305298	-9.222982
27	34	65	72	354.595306	-14.878076
28	29	30	31	83.018840	-494.417068
28	29	31	32	83.018840	-131.633278
28	29	32	33	83.018840	-68.811866
28	29	33	34	83.018840	-40.291547
28	29	34	35	83.018840	-20.204447
28	29	35	36	83.018840	-14.709126
28	30	36	38	292.831024	-112.051521
28	30	38	40	292.831024	-35.272159
28	30	40	42	292.831024	-17.805874
28	30	42	37	292.831024	89.983007
28	30	37	39	292.831024	-59.348027
28	30	39	41	292.831024	-23.268992
28	30	41	43	292.831024	-13.971008
28	31	42	45	339.215658	-35.396222
28	31	45	48	339.215658	-21.203580
28	31	48	43	339.215658	43.290758
28	31	43	46	339.215658	-30.645503
28	31	46	49	339.215658	-16.712371
28	31	49	44	339.215658	35.055474
28	31	44	47	339.215658	-25.121664
28	31	47	50	339.215658	-14.581888
28	32	48	52	348.912496	-23.332436
28	32	52	56	348.912496	-17.674851
28	32	56	49	348.912496	34.922598
28	32	49	53	348.912496	-22.283516
28	32	53	57	348.912496	-15.811555
28	32	57	50	348.912496	31.184113
28	32	50	54	348.912496	-20.262470
28	32	54	51	348.912496	14.898674
28	32	51	55	348.912496	-19.144157
28	33	54	59	307.103821	-20.732835
28	33	59	64	307.103821	-14.549576
28	33	64	55	307.103821	30.099953
28	33	55	60	307.103821	-19.517035
28	33	60	56	307.103821	15.267359
28	33	56	61	307.103821	-18.720416
28	33	61	57	307.103821	14.869757
28	33	57	62	307.103821	-18.059494
28	33	62	58	307.103821	14.578948
28	33	58	63	307.103821	-16.861966
28	34	60	66	350.439921	-20.306334
28	34	66	61	350.439921	15.101694
28	34	61	67	350.439921	-16.899612
28	34	67	62	350.439921	12.096304
28	34	62	68	350.439921	-14.189655
28	34	68	63	350.439921	10.763148
28	34	63	69	350.439921	-12.740397
28	34	69	64	350.439921	10.245001
28	34	64	70	350.439921	-11.704939
28	34	70	65	350.439921	9.504349
28	34	65	71	350.439921	-11.355541
29	30	31	32	88.560644	-607.885966
29	30	32	33	88.560644	-191.522617
29	30	33	34	88.560644	-96.470565
29	30	34	35	88.560644	-43.509656
29	30	35	36	88.560644	-29.989345
29	30	36	37	88.560644	-14.955524
29	31	37	39	252.094284	-80.884102
29	31	39	41	252.094284	-28.387301
29	31	41	43	252.094284	-15.997725
29	31	43	38	252.094284	74.073697
29	31	38	40	252.094284	-45.605239
29	31	40	42	252.094284	-20.987936
29	31	42	44	252.094284	-14.322601
29	32	43	46	338.228424	-38.340523
29	32	46	49	338.228424	-19.849330
29	32	49	44	338.228424	42.528763
29	32	44	47	338.228424	-30.750063
29	32	47	50	338.228424	-17.221615
29	32	50	45	338.228424	35.992055
29	32	45	48	338.228424	-25.748635
29	32	48	51	338.228424	-14.425601
29	33	49	53	304.966451	-23.453339
29	33	53	57	304.966451	-16.438521
29	33	57	50	304.966451	32.511861
29	33	50	54	304.966451	-21.213754
29	33	54	58	304.966451	-14.258761
29	33	58	51	304.966451	29.823554
29	33	51	55	304.966451	-19.976054
29	33	55	52	304.966451	14.926898
29	33	52	56	304.966451	-18.534939
29	34	55	60	321.141571	-24.170585
29	34	60	65	321.141571	-14.744594
29	34	65	56	321.141571	33.630219
29	34	56	61	321.141571	-23.117261
29	34	61	57	321.141571	18.336077
29	34	57	62	321.141571	-22.247512
29	34	62	58	321.141571	17.936940
29	34	58	63	321.141571	-20.723671
29	34	63	59	321.141571	15.839984
29	34	59	64	321.141571	-17.871157
29	35	61	67	251.176193	-13.477355
29	35	67	62	251.176193	9.549484
29	35	62	68	251.176193	-11.470554
29	35	68	63	251.176193	8.680079
29	35	63	69	251.176193	-10.272489
29	35	69	64	251.176193	8.243452
29	35	64	70	251.176193	-9.410500
29	35	70	65	251.176193	7.630537
29	35	65	71	251.176193	-9.108106
29	35	71	66	251.176193	7.451117
29	35	66	72	251.176193	-8.852918
30	31	32	33	120.186813	-870.721146
30	31	33	34	120.186813	-288.952395
30	31	34	35	120.186813	-110.755679
30	31	35	36	120.186813	-71.982015
30	31	36	37	120.186813	-33.834002
30	31	37	38	120.186813	-14.873375
30	32	38	40	237.910934	-65.098963
30	32	40	42	237.910934	-26.799169
30	32	42	44	237.910934	-17.272604
30	32	44	39	237.910934	66.115035
30	32	39	41	237.910934	-38.148268
30	32	41	43	237.910934	-19.822434
30	32	43	45	237.910934	-14.283501
30	33	44	47	294.752248	-34.625716
30	33	47	50	294.752248	-18.279095
30	33	50	45	294.752248	39.195232
30	33	45	48	294.752248	-28.306554
30	33	48	51	294.752248	-15.268816
30	33	51	46	294.752248	31.729634
30	33	46	49	294.752248	-21.597228
30	33	49	52	294.752248	-14.062319
30	34	50	54	282.654765	-23.868221
30	34	54	58	282.654765	-15.520139
30	34	58	51	282.654765	33.028594
30	34	51	55	282.654765	-22.221157
30	34	55	59	282.654765	-14.471689
30	34	59	52	282.654765	31.036418
30	34	52	56	282.654765	-20.539342
30	34	56	53	282.654765	14.492863
30	34	53	57	282.654765	-18.088100
30	35	56	61	219.867961	-18.039039
30	35	61	66	219.867961	-9.449133
30	35	66	57	219.867961	23.730050
30	35	57	62	219.867961	-17.354209
30	35	62	58	219.867961	13.971780
30	35	58	63	219.867961	-16.130921
30	35	63	59	219.867961	12.313801
30	35	59	64	219.867961	-13.884118
30	35	64	60	219.867961	10.066322
30	35	60	65	219.867961	-11.435867
30	36	62	68	327.859426	-18.202379
30	36	68	63	327.859426	13.876209
30	36	63	69	327.859426	-15.753335
30	36	69	64	327.859426	12.613245
30	36	64	70	327.859426	-14.384291
30	36	70	65	327.859426	11.639779
30	36	65	71	327.859426	-13.869667
30	36	71	66	327.859426	11.323021
30	36	66	72	327.859426	-13.447248
31	32	33	34	131.793152	-1147.011386
31	32	34	35	131.793152	-281.401223
31	32	35	36	131.793152	-155.662662
31	32	36	37	131.793152	-67.567271
31	32	37	38	131.793152	-27.320975
31	32	38	39	131.793152	-14.603603
31	33	39	41	219.484390	-56.944956
31	33	41	43	219.484390	-26.850155
31	33	43	45	219.484390	-18.109297
31	33	45	40	219.484390	68.400543
31	33	40	42	219.484390	-38.181791
31	33	42	44	219.484390	-22.556216
31	33	44	46	219.484390	-14.218532
31	34	45	48	274.975566	-34.379696
31	34	48	51	274.975566	-17.707316
31	34	51	46	274.975566	37.473271
31	34	46	49	274.975566	-25.735671
31	34	49	52	274.975566	-16.241720
31	34	52	47	274.975566	31.191425
31	34	47	50	274.975566	-21.630506
31	34	50	53	274.975566	-14.363136
31	35	51	55	250.120834	-22.922705
31	35	55	59	250.120834	-14.881282
31	35	59	52	250.120834	31.894419
31	35	52	56	250.120834	-21.211892
31	35	56	60	250.120834	-14.396876
31	35	60	53	250.120834	29.324529
31	35	53	57	250.120834	-18.595702
31	35	57	54	250.120834	12.760509
31	35	54	58	250.120834	-16.054905
31	36	57	62	356.830098	-33.978780
31	36	62	67	356.830098	-14.614123
31	36	67	58	356.830098	41.936399
31	36	58	63	356.830098	-31.502182
31	36	63	59	356.830098	23.998380
31	36	59	64	356.830098	-27.038663
31	36	64	60	356.830098	19.574863
31	36	60	65	356.830098	-22.232836
31	36	65	61	356.830098	15.791474
31	36	61	66	356.830098	-18.256112
31	37	63	69	295.226176	-15.646509
31	37	69	64	295.226176	12.428513
31	37	64	70	295.226176	-14.472307
31	37	70	65	295.226176	11.752283
31	37	65	71	295.226176	-14.065806
31	37	71	66	295.226176	11.422417
31	37	66	72	295.226176	-13.112887
32	33	34	35	150.433833	-1318.881216
32	33	35	36	150.433833	-470.633590
32	33	36	37	150.433833	-175.572374
32	33	37	38	150.433833	-63.575496
32	33	38	39	150.433833	-31.450948
32	33	39	40	150.433833	-14.678856
32	34	40	42	205.170898	-57.498995
32	34	42	44	205.170898	-31.140083
32	34	44	46	205.170898	-18.427159
32	34	46	41	205.170898	71.066223
32	34	41	43	205.170898	-38.493614
32	34	43	45	205.170898	-24.224015
32	34	45	47	205.170898	-14.456671
32	35	46	49	242.541580	-28.225119
32	35	49	52	242.541580	-17.322335
32	35	52	47	242.541580	33.501846
32	35	47	50	242.541580	-23.431522
32	35	50	53	242.541580	-15.074110
32	35	53	48	242.541580	28.708162
32	35	48	51	242.541580	-18.992768
32	35	51	54	242.541580	-14.351568
32	36	52	56	267.560384	-28.482860
32	36	56	60	267.560384	-18.913211
32	36	60	53	267.560384	38.893917
32	36	53	57	267.560384	-24.832393
32	36	57	61	267.560384	-18.237151
32	36	61	54	267.560384	35.229329
32	36	54	58	267.560384	-21.334039
32	36	58	55	267.560384	14.616281
32	36	55	59	267.560384	-19.491530
32	37	58	63	305.456004	-31.196023
32	37	63	68	305.456004	-12.137396
32	37	68	59	305.456004	35.800547
32	37	59	64	305.456004	-26.746085
32	37	64	60	305.456004	19.339594
32	37	60	65	305.456004	-21.851691
32	37	65	61	305.456004	15.543456
32	37	61	66	305.456004	-18.000063
32	37	66	62	305.456004	12.062737
32	37	62	67	305.456004	-14.292467
32	38	64	70	335.974121	-18.573961
32	38	70	65	335.974121	14.946254
32	38	65	71	335.974121	-18.079017
32	38	71	66	335.974121	14.732685
32	38	66	72	335.974121	-17.139637
33	34	35	36	134.897817	-1640.241678
33	34	36	37	134.897817	-391.636330
33	34	37	38	134.897817	-117.065652
33	34	38	39	134.897817	-52.518282
33	34	39	40	134.897817	-22.717174
33	34	40	41	134.897817	-14.630910
33	35	41	43	209.339793	-57.247732
33	35	43	45	209.339793	-33.157746
33	35	45	47	209.339793	-18.450034
33	35	47	42	209.339793	76.268704
33	35	42	44	209.339793	-44.333324
33	35	44	46	209.339793	-24.248318
33	35	46	48	209.339793	-13.880944
33	36	47	50	209.980245	-26.809962
33	36	50	53	209.980245	-16.477565
33	36	53	48	209.980245	31.938777
33	36	48	51	209.980245	-21.314863
33	36	51	54	209.980245	-15.639240
33	36	54	49	209.980245	29.577676
33	36	49	52	209.980245	-19.116419
33	36	52	55	209.980245	-14.746599
33	37	53	57	237.681386	-25.880656
33	37	57	61	237.681386	-18.681621
33	37	61	54	237.681386	36.233019
33	37	54	58	237.681386	-22.064505
33	37	58	62	237.681386	-18.111037
33	37	62	55	237.681386	33.302536
33	37	55	59	237.681386	-20.209415
33	37	59	56	237.681386	14.526913
33	37	56	60	237.681386	-19.482276
33	38	59	64	299.854319	-29.852127
33	38	64	69	299.854319	-12.987447
33	38	69	60	299.854319	34.558665
33	38	60	65	299.854319	-24.311950
33	38	65	61	299.854319	17.260133
33	38	61	66	299.854319	-19.926163
33	38	66	62	299.854319	13.365753
33	38	62	67	299.854319	-15.848029
33	38	67	63	299.854319	11.276602
33	38	63	68	299.854319	-13.578893
33	39	65	71	304.718842	-18.312458
33	39	71	66	304.718842	14.961576
33	39	66	72	304.718842	-17.026417
34	35	36	37	159.516408	-1831.980077
34	35	37	38	159.516408	-328.725159
34	35	38	39	159.516408	-119.196332
34	35	39	40	159.516408	-45.555647
34	35	40	41	159.516408	-26.825767
34	35	41	42	159.516408	-14.691134
34	36	42	44	224.071238	-77.667272
34	36	44	46	224.071238	-38.533987
34	36	46	48	224.071238	-20.521893
34	36	48	43	224.071238	92.550398
34	36	43	45	224.071238	-55.340572
34	36	45	47	224.071238	-28.186086
34	36	47	49	224.071238	-14.839298
34	37	48	51	200.300461	-24.811972
34	37	51	54	200.300461	-17.784780
34	37	54	49	200.300461	33.877163
34	37	49	52	200.300461	-21.509845
34	37	52	55	200.300461	-17.064875
34	37	55	50	200.300461	29.371280
34	37	50	53	200.300461	-19.009479
34	37	53	56	200.300461	-14.213224
34	38	54	58	212.181081	-22.416316
34	38	58	62	212.181081	-18.350892
34	38	62	55	212.181081	33.762124
34	38	55	59	212.181081	-20.542331
34	38	59	63	212.181081	-15.998345
34	38	63	56	212.181081	30.771968
34	38	56	60	212.181081	-19.769396
34	38	60	57	212.181081	14.602199
34	38	57	61	212.181081	-18.896231
34	39	60	65	364.282186	-32.659900
34	39	65	70	364.282186	-15.659845
34	39	70	61	364.282186	38.841417
34	39	61	66	364.282186	-26.622862
34	39	66	62	364.282186	17.866521
34	39	62	67	364.282186	-21.117824
34	39	67	63	364.282186	14.983626
34	39	63	68	364.282186	-18.203287
34	39	68	64	364.282186	13.807769
34	39	64	69	364.282186	-17.273482
34	40	66	72	262.662038	-15.186797
35	36	37	38	116.342438	-1140.780525
35	36	38	39	116.342438	-262.850434
35	36	39	40	116.342438	-81.807111
35	36	40	41	116.342438	-42.520268
35	36	41	42	116.342438	-21.365064
35	36	42	43	116.342438	-14.978373
35	37	43	45	198.157283	-74.450026
35	37	45	47	198.157283	-35.174222
35	37	47	49	198.157283	-17.168616
35	37	49	44	198.157283	81.009268
35	37	44	46	198.157283	-49.988137
35	37	46	48	198.157283	-24.389130
35	37	48	50	198.157283	-13.364396
35	38	49	52	208.377014	-28.379664
35	38	52	55	208.377014	-20.349373
35	38	55	50	208.377014	36.780990
35	38	50	53	208.377014	-23.944772
35	38	53	56	208.377014	-17.544033
35	38	56	51	208.377014	32.630512
35	38	51	54	208.377014	-22.212262
35	38	54	57	208.377014	-14.497021
35	39	55	59	215.858190	-23.854536
35	39	59	63	215.858190	-17.885022
35	39	63	56	215.858190	34.983470
35	39	56	60	215.858190	-22.592144
35	39	60	64	215.858190	-14.642616
35	39	64	57	215.858190	31.334347
35	39	57	61	215.858190	-21.518528
35	39	61	58	215.858190	16.343054
35	39	58	62	215.858190	-20.751476
35	40	61	66	229.875020	-18.139944
35	40	66	71	229.875020	-9.841495
35	40	71	62	229.875020	22.038618
35	40	62	67	229.875020	-14.145060
35	40	67	63	229.875020	10.014563
35	40	63	68	229.875020	-12.059112
35	40	68	64	229.875020	9.129167
35	40	64	69	229.875020	-11.504082
35	40	69	65	229.875020	8.962537
35	40	65	70	229.875020	-10.439445
36	37	38	39	110.148936	-1016.990084
36	37	39	40	110.148936	-193.633564
36	37	40	41	110.148936	-77.005900
36	37	41	42	110.148936	-33.363968
36	37	42	43	110.148936	-21.612552
36	37	43	44	110.148936	-14.855251
36	38	44	46	202.696793	-72.747797
36	38	46	48	202.696793	-31.589995
36	38	48	50	202.696793	-16.354559
36	38	50	45	202.696793	77.166909
36	38	45	47	202.696793	-47.392604
36	38	47	49	202.696793	-21.488477
36	38	49	51	202.696793	-14.425882
36	39	50	53	224.540476	-28.805284
36	39	53	56	224.540476	-20.479401
36	39	56	51	224.540476	38.432878
36	39	51	54	224.540476	-26.261463
36	39	54	57	224.540476	-16.877003
36	39	57	52	224.540476	34.368377
36	39	52	55	224.540476	-24.155478
36	39	55	58	224.540476	-14.363142
36	40	56	60	265.104421	-28.767099
36	40	60	64	265.104421	-18.304125
36	40	64	57	265.104421	39.527075
36	40	57	61	265.104421	-27.278196
36	40	61	65	265.104421	-14.607198
36	40	65	58	265.104421	35.248899
36	40	58	62	265.104421	-26.208752
36	40	62	59	265.104421	18.833312
36	40	59	63	265.104421	-22.731193
36	41	62	67	292.948547	-19.128102
36	41	67	72	292.948547	-12.661976
36	41	72	63	292.948547	26.116833
36	41	63	68	292.948547	-16.234402
36	41	68	64	292.948547	12.205933
36	41	64	69	292.948547	-15.382915
36	41	69	65	292.948547	11.960022
36	41	65	70	292.948547	-13.950439
36	41	70	66	292.948547	10.760593
36	41	66	71	292.948547	-13.372015
37	38	39	40	111.911649	-846.291138
37	38	40	41	111.911649	-205.174057
37	38	41	42	111.911649	-71.265537
37	38	42	43	111.911649	-41.130597
37	38	43	44	111.911649	-26.217517
37	38	44	45	111.911649	-14.826156
37	39	45	47	228.657283	-72.206116
37	39	47	49	228.657283	-29.841388
37	39	49	51	228.657283	-18.891322
37	39	51	46	228.657283	75.753991
37	39	46	48	228.657283	-45.888453
37	39	48	50	228.657283	-22.050967
37	39	50	52	228.657283	-14.833585
37	40	51	54	229.708155	-28.931794
37	40	54	57	229.708155	-18.195086
37	40	57	52	229.708155	36.592167
37	40	52	55	229.708155	-25.687403
37	40	55	58	229.708155	-15.333107
37	40	58	53	229.708155	31.657618
37	40	53	56	229.708155	-22.148220
37	40	56	59	229.708155	-14.410548
37	41	57	61	232.510976	-26.391217
37	41	61	65	232.510976	-13.842396
37	41	65	58	232.510976	33.771133
37	41	58	62	232.510976	-25.110179
37	41	62	66	232.510976	-10.730987
37	41	66	59	232.510976	28.768497
37	41	59	63	232.510976	-21.737055
37	41	63	60	232.510976	14.826453
37	41	60	64	232.510976	-17.483841
37	42	63	68	216.931300	-13.676721
37	42	68	64	216.931300	10.474767
37	42	64	69	216.931300	-12.213823
37	42	69	65	216.931300	9.432774
37	42	65	70	216.931300	-10.976326
37	42	70	66	216.931300	8.495105
37	42	66	71	216.931300	-10.465857
37	42	71	67	216.931300	8.178756
37	42	67	72	216.931300	-10.129421
38	39	40	41	127.986501	-818.249947
38	39	41	42	127.986501	-162.937010
38	39	42	43	127.986501	-78.633501
38	39	43	44	127.986501	-45.590990
38	39	44	45	127.986501	-24.026454
38	39	45	46	127.986501	-14.632224
38	40	46	48	231.477737	-58.081685
38	40	48	50	231.477737	-24.885697
38	40	50	52	231.477737	-15.246521
38	40	52	47	231.477737	64.243093
38	40	47	49	231.477737	-36.827152
38	40	49	51	231.477737	-20.529350
38	40	51	53	231.477737	-13.755647
38	41	52	55	217.279587	-28.427355
38	41	55	58	217.279587	-16.156990
38	41	58	53	217.279587	33.701441
38	41	53	56	217.279587	-23.695426
38	41	56	59	217.279587	-15.122062
38	41	59	54	217.279587	29.307683
38	41	54	57	217.279587	-19.529490
38	41	57	60	217.279587	-14.749031
38	42	58	62	252.116501	-29.356096
38	42	62	66	252.116501	-12.302397
38	42	66	59	252.116501	33.325186
38	42	59	63	252.116501	-25.301973
38	42	63	67	252.116501	-10.171413
38	42	67	60	252.116501	27.395273
38	42	60	64	252.116501	-20.264720
38	42	64	61	252.116501	13.472117
38	42	61	65	252.116501	-16.076976
38	43	64	69	230.592087	-13.761353
38	43	69	65	230.592087	10.584172
38	43	65	70	230.592087	-12.486080
38	43	70	66	230.592087	9.577986
38	43	66	71	230.592087	-11.813942
38	43	71	67	230.592087	9.254953
38	43	67	72	230.592087	-11.175320
39	40	41	42	177.639053	-895.968077
39	40	42	43	177.639053	-234.731191
39	40	43	44	177.639053	-108.161566
39	40	44	45	177.639053	-49.579737
39	40	45	46	177.639053	-28.358212
39	40	46	47	177.639053	-14.693187
39	41	47	49	224.904043	-47.749675
39	41	49	51	224.904043	-25.640596
39	41	51	53	224.904043	-15.999232
39	41	53	48	224.904043	58.737265
39	41	48	50	224.904043	-32.831359
39	41	50	52	224.904043	-17.986880
39	41	52	54	224.904043	-14.981767
39	42	53	56	205.598872	-25.306599
39	42	56	59	205.598872	-15.809398
39	42	59	54	205.598872	30.658502
39	42	54	57	205.598872	-20.493024
39	42	57	60	205.598872	-15.287305
39	42	60	55	205.598872	27.401167
39	42	55	58	205.598872	-16.977201
39	42	58	61	205.598872	-14.714654
39	43	59	63	254.217438	-28.678577
39	43	63	67	254.217438	-11.411123
39	43	67	60	254.217438	30.865760
39	43	60	64	254.217438	-22.972552
39	43	64	68	254.217438	-9.989431
39	43	68	61	254.217438	25.235317
39	43	61	65	254.217438	-18.116831
39	43	65	62	254.217438	11.112019
39	43	62	66	254.217438	-13.772456
39	44	65	70	325.919586	-20.147609
39	44	70	66	325.919586	15.440620
39	44	66	71	325.919586	-18.933620
39	44	71	67	325.919586	14.742030
39	44	67	72	325.919586	-17.912195
40	41	42	43	186.754410	-1497.622585
40	41	43	44	186.754410	-311.377151
40	41	44	45	186.754410	-114.740534
40	41	45	46	186.754410	-56.514819
40	41	46	47	186.754410	-29.057145
40	41	47	48	186.754410	-14.920096
40	42	48	50	226.063599	-44.150428
40	42	50	52	226.063599	-23.062164
40	42	52	54	226.063599	-18.331886
40	42	54	49	226.063599	61.311594
40	42	49	51	226.063599	-33.153369
40	42	51	53	226.063599	-19.774040
40	42	53	55	226.063599	-15.304909
40	43	54	57	192.997386	-23.537051
40	43	57	60	192.997386	-17.126024
40	43	60	55	192.997386	31.005405
40	43	55	58	192.997386	-19.366784
40	43	58	61	192.997386	-16.398110
40	43	61	56	192.997386	28.228850
40	43	56	59	192.997386	-17.779429
40	43	59	62	192.997386	-14.743333
40	44	60	64	306.278330	-33.637909
40	44	64	68	306.278330	-15.019302
40	44	68	61	306.278330	37.297305
40	44	61	65	306.278330	-26.421788
40	44	65	69	306.278330	-13.946933
40	44	69	62	306.278330	30.235636
40	44	62	66	306.278330	-20.088073
40	44	66	63	306.278330	13.056300
40	44	63	67	306.278330	-16.474444
40	45	66	71	285.321482	-19.323960
40	45	71	67	285.321482	15.086381
40	45	67	72	285.321482	-18.098611
41	42	43	44	225.847646	-1524.280317
41	42	44	45	225.847646	-293.306263
41	42	45	46	225.847646	-112.745984
41	42	46	47	225.847646	-48.336942
41	42	47	48	225.847646	-27.881180
41	42	48	49	225.847646	-13.548554
41	43	49	51	210.175430	-40.706547
41	43	51	53	210.175430	-24.163682
41	43	53	55	210.175430	-17.031360
41	43	55	50	210.175430	55.961782
41	43	50	52	210.175430	-27.675233
41	43	52	54	210.175430	-20.892426
41	43	54	56	210.175430	-13.251789
41	44	55	58	201.023997	-25.054130
41	44	58	61	201.023997	-20.502709
41	44	61	56	201.023997	35.726744
41	44	56	59	201.023997	-22.630446
41	44	59	62	201.023997	-18.396736
41	44	62	57	201.023997	32.826580
41	44	57	60	201.023997	-21.574952
41	44	60	63	201.023997	-14.933146
41	45	61	65	304.246063	-30.474075
41	45	65	69	304.246063	-15.345413
41	45	69	62	304.246063	34.229827
41	45	62	66	304.246063	-22.886773
41	45	66	70	304.246063	-13.917505
41	45	70	63	304.246063	28.765704
41	45	63	67	304.246063	-18.667709
41	45	67	64	304.246063	12.960272
41	45	64	68	304.246063	-17.232391
41	46	67	72	202.711695	-15.090019
42	43	44	45	184.157369	-1204.183638
42	43	45	46	184.157369	-238.525384
42	43	46	47	184.157369	-82.384210
42	43	47	48	184.157369	-37.509690
42	43	48	49	184.157369	-17.393318
42	43	49	50	184.157369	-14.307104
42	44	50	52	222.526459	-43.443869
42	44	52	54	222.526459	-29.997858
42	44	54	56	222.526459	-19.076410
42	44	56	51	222.526459	67.898648
42	44	51	53	222.526459	-35.001330
42	44	53	55	222.526459	-24.679187
42	44	55	57	222.526459	-15.017040
42	45	56	59	217.641607	-30.036603
42	45	59	62	217.641607	-23.608030
42	45	62	57	217.641607	42.710055
42	45	57	60	217.641607	-28.207961
42	45	60	63	217.641607	-19.207637
42	45	63	58	217.641607	38.281248
42	45	58	61	217.641607	-26.779871
42	45	61	64	217.641607	-14.849781
42	46	62	66	283.359802	-25.903973
42	46	66	70	283.359802	-14.831391
42	46	70	63	283.359802	31.684258
42	46	63	67	283.359802	-20.745274
42	46	67	71	283.359802	-14.215309
42	46	71	64	283.359802	28.548071
42	46	64	68	283.359802	-18.752190
42	46	68	65	283.359802	13.352895
42	46	65	69	283.359802	-17.038288
43	44	45	46	203.768895	-1428.368089
43	44	46	47	203.768895	-243.461627
43	44	47	48	203.768895	-91.038064
43	44	48	49	203.768895	-34.048103
43	44	49	50	203.768895	-24.868383
43	44	50	51	203.768895	-14.916179
43	45	51	53	216.680288	-44.730908
43	45	53	55	216.680288	-30.429359
43	45	55	57	216.680288	-17.853306
43	45	57	52	216.680288	69.939957
43	45	52	54	216.680288	-38.477230
43	45	54	56	216.680288	-23.399062
43	45	56	58	216.680288	-14.720090
43	46	57	60	247.966324	-39.990300
43	46	60	63	247.966324	-26.191497
43	46	63	58	247.966324	53.195247
43	46	58	61	247.966324	-37.409720
43	46	61	64	247.966324	-20.360055
43	46	64	59	247.966324	43.974427
43	46	59	62	247.966324	-32.937552
43	46	62	65	247.966324	-14.905035
43	47	63	67	189.857697	-15.963174
43	47	67	71	189.857697	-10.653878
43	47	71	64	189.857697	21.707333
43	47	64	68	189.857697	-14.340985
43	47	68	72	189.857697	-9.718728
43	47	72	65	189.857697	19.913376
43	47	65	69	189.857697	-13.035431
43	47	69	66	189.857697	9.423014
43	47	66	70	189.857697	-11.457266
44	45	46	47	239.554652	-1227.854080
44	45	47	48	239.554652	-242.735685
44	45	48	49	239.554652	-72.985022
44	45	49	50	239.554652	-44.927756
44	45	50	51	239.554652	-22.503081
44	45	51	52	239.554652	-14.837985
44	46	52	54	188.150706	-45.503528
44	46	54	56	188.150706	-26.326207
44	46	56	58	188.150706	-15.778909
44	46	58	53	188.150706	61.493668
44	46	53	55	188.150706	-34.786527
44	46	55	57	188.150706	-19.510006
44	46	57	59	188.150706	-14.647598
44	47	58	61	240.629618	-41.758726
44	47	61	64	240.629618	-22.356726
44	47	64	59	240.629618	48.474819
44	47	59	62	240.629618	-36.496548
44	47	62	65	240.629618	-16.104154
44	47	65	60	240.629618	38.180926
44	47	60	63	240.629618	-29.137991
44	47	63	66	240.629618	-12.674736
44	48	64	68	282.056539	-23.731571
44	48	68	72	282.056539	-15.887748
44	48	72	65	282.056539	32.634017
44	48	65	69	282.056539	-21.577260
44	48	69	66	282.056539	15.535502
44	48	66	70	282.056539	-18.802733
44	48	70	67	282.056539	13.513348
44	48	67	71	282.056539	-17.579681
45	46	47	48	177.012410	-1028.425118
45	46	48	49	177.012410	-163.688888
45	46	49	50	177.012410	-72.505410
45	46	50	51	177.012410	-30.006496
45	46	51	52	177.012410	-18.503399
45	46	52	53	177.012410	-14.801452
45	47	53	55	154.349040	-37.480427
45	47	55	57	154.349040	-19.910325
45	47	57	59	154.349040	-14.381988
45	47	59	54	154.349040	50.410528
45	47	54	56	154.349040	-27.363751
45	47	56	58	154.349040	-15.727178
45	47	58	60	154.349040	-14.102865
45	48	59	62	272.716451	-49.025319
45	48	62	65	272.716451	-21.251698
45	48	65	60	272.716451	50.754451
45	48	60	63	272.716451	-38.865761
45	48	63	66	272.716451	-16.607726
45	48	66	61	272.716451	39.701707
45	48	61	64	272.716451	-29.585052
45	48	64	67	272.716451	-14.176788
45	49	65	69	326.590556	-26.927767
45	49	69	66	326.590556	19.339840
45	49	66	70	326.590556	-23.103899
45	49	70	67	326.590556	16.560226
45	49	67	71	326.590556	-21.410078
45	49	71	68	326.590556	14.665201
45	49	68	72	326.590556	-19.217222
46	47	48	49	179.463145	-724.077945
46	47	49	50	179.463145	-173.274933
46	47	50	51	179.463145	-51.721898
46	47	51	52	179.463145	-27.113185
46	47	52	53	179.463145	-19.359344
46	47	53	54	179.463145	-14.228217
46	48	54	56	162.933172	-36.485811
46	48	56	58	162.933172	-20.049980
46	48	58	60	162.933172	-17.333778
46	48	60	55	162.933172	52.162077
46	48	55	57	162.933172	-25.986812
46	48	57	59	162.933172	-17.936020
46	48	59	61	162.933172	-14.851308
46	49	60	63	291.285787	-44.319768
46	49	63	66	291.285787	-18.520315
46	49	66	61	291.285787	44.751438
46	49	61	64	291.285787	-33.454161
46	49	64	67	291.285787	-15.790193
46	49	67	62	291.285787	33.668725
46	49	62	65	291.285787	-23.960668
46	49	65	68	291.285787	-14.440069
46	50	66	70	285.941915	-23.237462
46	50	70	67	285.941915	16.607028
46	50	67	71	285.941915	-21.290941
46	50	71	68	285.941915	14.529140
46	50	68	72	285.941915	-18.920995
47	48	49	50	180.728495	-1050.524952
47	48	50	51	180.728495	-140.140372
47	48	51	52	180.728495	-52.578786
47	48	52	53	180.728495	-32.002469
47	48	53	54	180.728495	-20.985678
47	48	54	55	180.728495	-14.173673
47	49	55	57	176.058685	-33.156024
47	49	57	59	176.058685	-21.308972
47	49	59	61	176.058685	-17.360275
47	49	61	56	176.058685	52.778704
47	49	56	58	176.058685	-24.606390
47	49	58	60	176.058685	-20.450801
47	49	60	62	176.058685	-14.290284
47	50	61	64	265.360270	-37.912395
47	50	64	67	265.360270	-17.131871
47	50	67	62	265.360270	37.402454
47	50	62	65	265.360270	-26.780193
47	50	65	68	265.360270	-15.688847
47	50	68	63	265.360270	30.610621
47	50	63	66	265.360270	-20.646092
47	50	66	69	265.360270	-13.945079
47	51	67	71	244.554835	-20.702911
47	51	71	68	244.554835	14.181867
47	51	68	72	244.554835	-17.764508
48	49	50	51	259.980042	-832.278762
48	49	51	52	259.980042	-159.323960
48	49	52	53	259.980042	-68.027343
48	49	53	54	259.980042	-37.389049
48	49	54	55	259.980042	-23.521652
48	49	55	56	259.980042	-14.666212
48	50	56	58	184.787608	-36.156599
48	50	58	60	184.787608	-28.186504
48	50	60	62	184.787608	-19.056029
48	50	62	57	184.787608	62.646942
48	50	57	59	184.787608	-30.443879
48	50	59	61	184.787608	-23.483944
48	50	61	63	184.787608	-14.576413
48	51	62	65	289.419800	-34.205542
48	51	65	68	289.419800	-18.857628
48	51	68	63	289.419800	37.901697
48	51	63	66	289.419800	-25.926347
48	51	66	69	289.419800	-16.908479
48	51	69	64	289.419800	32.436119
48	51	64	67	289.419800	-21.523774
48	51	67	70	289.419800	-14.482915
48	52	68	72	179.440821	-14.922830
49	50	51	52	200.693858	-1022.590864
49	50	52	53	200.693858	-200.807337
49	50	53	54	200.693858	-72.782378
49	50	54	55	200.693858	-38.170647
49	50	55	56	200.693858	-21.593599
49	50	56	57	200.693858	-14.453963
49	51	57	59	213.002843	-48.767350
49	51	59	61	213.002843	-35.622336
49	51	61	63	213.002843	-21.493151
49	51	63	58	213.002843	80.662623
49	51	58	60	213.002843	-43.590501
49	51	60	62	213.002843	-28.535678
49	51	62	64	213.002843	-14.357398
49	52	63	66	278.700043	-30.683778
49	52	66	69	278.700043	-19.639404
49	52	69	64	278.700043	37.907694
49	52	64	67	278.700043	-25.315149
49	52	67	70	278.700043	-16.538566
49	52	70	65	278.700043	31.955464
49	52	65	68	278.700043	-22.002876
49	52	68	71	278.700043	-14.640889
50	51	52	53	221.123367	-1125.603800
50	51	53	54	221.123367	-194.300696
50	51	54	55	221.123367	-71.252685
50	51	55	56	221.123367	-33.046116
50	51	56	57	221.123367	-20.386110
50	51	57	58	221.123367	-14.529850
50	52	58	60	256.996389	-65.712524
50	52	60	62	256.996389	-40.856402
50	52	62	64	256.996389	-19.982362
50	52	64	59	256.996389	90.524104
50	52	59	61	256.996389	-52.163906
50	52	61	63	256.996389	-30.288895
50	52	63	65	256.996389	-14.438387
50	53	64	67	278.561818	-31.717455
50	53	67	70	278.561818	-19.752084
50	53	70	65	278.561818	38.989251
50	53	65	68	278.561818	-27.261911
50	53	68	71	278.561818	-17.240025
50	53	71	66	278.561818	34.019969
50	53	66	69	278.561818	-23.762475
50	53	69	72	278.561818	-15.253169
51	52	53	54	180.272003	-825.892210
51	52	54	55	180.272003	-160.004305
51	52	55	56	180.272003	-51.222144
51	52	56	57	180.272003	-25.893305
51	52	57	58	180.272003	-16.742488
51	52	58	59	180.272003	-14.599524
51	53	59	61	233.125081	-68.820457
51	53	61	63	233.125081	-38.152122
51	53	63	65	233.125081	-17.827350
51	53	65	60	233.125081	85.178329
51	53	60	62	233.125081	-52.430449
51	53	62	64	233.125081	-24.902413
51	53	64	66	233.125081	-14.398809
51	54	65	68	214.651245	-26.469270
51	54	68	71	214.651245	-16.893222
51	54	71	66	214.651245	32.960708
51	54	66	69	214.651245	-23.185991
51	54	69	72	214.651245	-14.360627
51	54	72	67	214.651245	29.112948
51	54	67	70	214.651245	-19.231222
52	53	54	55	139.092641	-810.566492
52	53	55	56	139.092641	-122.807247
52	53	56	57	139.092641	-43.041316
52	53	57	58	139.092641	-23.935411
52	53	58	59	139.092641	-19.096305
52	53	59	60	139.092641	-14.574080
52	54	60	62	217.087530	-69.131286
52	54	62	64	217.087530	-31.480948
52	54	64	66	217.087530	-17.768981
52	54	66	61	217.087530	79.444865
52	54	61	63	217.087530	-49.134579
52	54	63	65	217.087530	-22.269654
52	54	65	67	217.087530	-14.512317
52	55	66	69	238.315720	-31.616627
52	55	69	72	238.315720	-18.949277
52	55	72	67	238.315720	38.944176
52	55	67	70	238.315720	-25.771789
52	55	70	68	238.315720	14.903362
52	55	68	71	238.315720	-21.827092
53	54	55	56	141.580887	-725.367129
53	54	56	57	141.580887	-114.927711
53	54	57	58	141.580887	-44.557414
53	54	58	59	141.580887	-29.983910
53	54	59	60	141.580887	-20.983628
53	54	60	61	141.580887	-14.586535
53	55	61	63	214.641144	-61.309577
53	55	63	65	214.641144	-26.687850
53	55	65	67	214.641144	-16.875709
53	55	67	62	214.641144	66.886011
53	55	62	64	214.641144	-38.438177
53	55	64	66	214.641144	-20.929032
53	55	66	68	214.641144	-14.527793
53	56	67	70	247.233114	-29.750422
53	56	70	68	247.233114	16.933246
53	56	68	71	247.233114	-25.087227
53	56	71	69	247.233114	14.762068
53	56	69	72	247.233114	-21.826961
54	55	56	57	149.704686	-797.206646
54	55	57	58	149.704686	-136.378294
54	55	58	59	149.704686	-55.264367
54	55	59	60	149.704686	-32.041953
54	55	60	61	149.704686	-20.585852
54	55	61	62	149.704686	-14.693340
54	56	62	64	222.447744	-48.662275
54	56	64	66	222.447744	-25.125855
54	56	66	68	222.447744	-16.853314
54	56	68	63	222.447744	60.964562
54	56	63	65	222.447744	-32.953588
54	56	65	67	222.447744	-20.050218
54	56	67	69	222.447744	-14.580584
54	57	68	71	218.177907	-25.831551
54	57	71	69	218.177907	14.765080
54	57	69	72	218.177907	-21.349571
55	56	57	58	192.872167	-1181.430195
55	56	58	59	192.872167	-189.636657
55	56	59	60	192.872167	-71.898112
55	56	60	61	192.872167	-39.061493
55	56	61	62	192.872167	-25.587501
55	56	62	63	192.872167	-14.323122
55	57	63	65	247.697123	-48.489782
55	57	65	67	247.697123	-27.033454
55	57	67	69	247.697123	-18.970944
55	57	69	64	247.697123	66.325472
55	57	64	66	247.697123	-35.553504
55	57	66	68	247.697123	-21.543456
55	57	68	70	247.697123	-14.547252
55	58	69	72	133.009196	-14.611681
56	57	58	59	214.674881	-1104.794024
56	57	59	60	214.674881	-200.160271
56	57	60	61	214.674881	-82.389213
56	57	61	62	214.674881	-46.466339
56	57	62	63	214.674881	-24.655669
56	57	63	64	214.674881	-14.449185
56	58	64	66	252.846176	-49.988261
56	58	66	68	252.846176	-28.819979
56	58	68	70	252.846176	-17.434740
56	58	70	65	252.846176	67.435629
56	58	65	67	252.846176	-36.486978
56	58	67	69	252.846176	-23.342367
56	58	69	71	252.846176	-14.556406
57	58	59	60	221.522832	-833.455019
57	58	60	61	221.522832	-186.208349
57	58	61	62	221.522832	-82.725619
57	58	62	63	221.522832	-39.090195
57	58	63	64	221.522832	-21.813007
57	58	64	65	221.522832	-14.661991
57	59	65	67	200.746012	-44.841346
57	59	67	69	200.746012	-25.971195
57	59	69	71	200.746012	-15.503205
57	59	71	66	200.746012	59.563147
57	59	66	68	200.746012	-33.674229
57	59	68	70	200.746012	-18.113925
57	59	70	72	200.746012	-14.425082
58	59	60	61	170.363073	-741.625234
58	59	61	62	170.363073	-178.572093
58	59	62	63	170.363073	-67.709491
58	59	63	64	170.363073	-33.497440
58	59	64	65	170.363073	-21.133056
58	59	65	66	170.363073	-14.407973
58	60	66	68	142.520035	-37.171765
58	60	68	70	142.520035	-19.392453
58	60	70	72	142.520035	-14.743752
58	60	72	67	142.520035	50.114536
58	60	67	69	142.520035	-28.024606
58	60	69	71	142.520035	-14.513552
59	60	61	62	157.919764	-775.297311
59	60	62	63	157.919764	-170.582261
59	60	63	64	157.919764	-67.596682
59	60	64	65	157.919764	-37.075301
59	60	65	66	157.919764	-23.086071
59	60	66	67	157.919764	-14.327948
59	61	67	69	119.102613	-32.278704
59	61	69	71	119.102613	-15.104605
59	61	71	68	119.102613	28.433890
59	61	68	70	119.102613	-20.513689
59	61	70	72	119.102613	-14.518156
60	61	62	63	157.078629	-520.545872
60	61	63	64	157.078629	-140.033305
60	61	64	65	157.078629	-63.888900
60	61	65	66	157.078629	-35.567888
60	61	66	67	157.078629	-19.350289
60	61	67	68	157.078629	-14.382746
60	62	68	70	100.484014	-21.723845
60	62	70	72	100.484014	-14.360549
60	62	72	69	100.484014	21.880583
60	62	69	71	100.484014	-15.890021
61	62	63	64	186.906087	-765.158729
61	62	64	65	186.906087	-202.997690
61	62	65	66	186.906087	-88.337249
61	62	66	67	186.906087	-40.902866
61	62	67	68	186.906087	-24.800108
61	62	68	69	186.906087	-15.013271
61	63	69	71	167.798564	-29.261512
61	63	71	70	167.798564	14.405009
61	63	70	72	167.798564	-25.871413
62	63	64	65	304.799520	-1478.559412
62	63	65	66	304.799520	-394.145480
62	63	66	67	304.799520	-127.510213
62	63	67	68	304.799520	-61.002021
62	63	68	69	304.799520	-26.451155
62	63	69	70	304.799520	-14.155849
62	64	70	72	97.775116	-14.528026
63	64	65	66	358.166595	-3043.176495
63	64	66	67	358.166595	-596.251166
63	64	67	68	358.166595	-204.975216
63	64	68	69	358.166595	-52.222245
63	64	69	70	358.166595	-16.212933
63	64	70	71	358.166595	-14.064682
64	65	66	67	370.904938	-5568.737059
64	65	67	68	370.904938	-1420.577280
64	65	68	69	370.904938	-206.629137
64	65	69	70	370.904938	-31.817389
64	65	70	71	370.904938	-25.673769
64	65	71	72	370.904938	-14.238394
65	66	67	68	196.240128	-5138.276892
65	66	68	69	196.240128	-521.384030
65	66	69	70	196.240128	-35.754374
65	66	70	71	196.240128	-21.425779
65	66	71	72	196.240128	-15.062733
66	67	68	69	134.996460	-2832.342865
66	67	69	70	134.996460	-72.692345
66	67	70	71	134.996460	-31.189451
66	67	71	72	134.996460	-14.707625
67	68	69	70	53.606255	-256.981389
67	68	70	71	53.606255	-40.972172
67	68	71	72	53.606255	-15.485798
68	69	70	71	19.347345	-93.290919
68	69	71	72	19.347345	-15.261595
69	70	71	72	10.215546	-46.657765
