72# Number of electrodes
# x z position for each electrode
0.0	299.29
1.0	299.20
2.0	299.10
3.0	298.98
4.0	298.85
5.0	298.72
6.0	298.58
7.0	298.50
8.0	298.42
9.0	298.32
10.0	298.21
11.0	298.21
12.0	298.21
13.0	298.21
14.0	298.20
15.0	298.19
16.0	298.18
17.0	298.12
18.0	298.05
19.0	297.99
20.0	297.93
21.0	297.84
22.0	297.74
23.0	297.58
24.0	297.42
25.0	297.43
26.0	297.44
27.0	297.38
28.0	297.31
29.0	297.19
30.0	297.06
31.0	296.98
32.0	296.89
33.0	296.73
34.0	296.56
35.0	296.49
36.0	296.41
37.0	296.36
38.0	296.30
39.0	296.21
40.0	296.12
41.0	296.04
42.0	295.95
43.0	295.86
44.0	295.76
45.0	295.67
46.0	295.58
47.0	295.44
48.0	295.29
49.0	295.23
50.0	295.17
51.0	295.17
52.0	295.16
53.0	295.12
54.0	295.08
55.0	295.04
56.0	295.00
57.0	294.98
58.0	294.95
59.0	294.81
60.0	294.66
61.0	294.51
62.0	294.36
63.0	294.48
64.0	294.60
65.0	294.57
66.0	294.54
67.0	294.30
68.0	293.80
69.0	293.70
70.0	293.63
71.0	293.67

1809# Number of data
# a b m n i/mA u/mV
1	12	2	3	10.222128	348.022796
1	12	3	4	10.222128	90.336576
1	12	4	5	10.222128	41.179084
1	12	5	6	10.222128	26.382420
1	12	6	7	10.222128	20.863103
1	12	7	8	10.222128	18.008786
1	12	8	9	10.222128	24.234388
1	12	9	10	10.222128	49.354759
1	12	10	11	10.222128	204.626894
1	23	3	5	20.374357	251.154027
1	23	5	7	20.374357	73.025326
1	23	7	9	20.374357	28.195603
1	23	9	11	20.374357	19.026718
1	23	11	13	20.374357	15.115241
1	23	13	15	20.374357	20.058539
1	23	15	17	20.374357	20.267275
1	23	17	19	20.374357	39.983923
1	23	19	21	20.374357	106.239528
1	34	4	7	26.102587	187.590018
1	34	7	10	26.102587	45.016408
1	34	10	13	26.102587	23.955646
1	34	13	16	26.102587	20.433836
1	34	16	19	26.102587	15.749151
1	34	19	22	26.102587	15.150926
1	34	22	25	26.102587	18.642982
1	34	25	28	26.102587	31.081560
1	34	28	31	26.102587	114.252678
1	45	5	9	33.288152	156.331152
1	45	9	13	33.288152	41.420572
1	45	13	17	33.288152	27.404744
1	45	17	21	33.288152	19.259382
1	45	21	25	33.288152	15.851259
1	45	25	29	33.288152	15.090588
1	45	29	33	33.288152	20.177583
1	45	33	37	33.288152	37.820798
1	45	37	41	33.288152	78.149943
1	56	6	11	38.549516	125.906649
1	56	11	16	38.549516	41.663779
1	56	16	21	38.549516	24.711918
1	56	21	26	38.549516	18.097297
1	56	26	31	38.549516	15.146978
1	56	31	36	38.549516	20.720821
1	56	36	41	38.549516	25.168164
1	56	41	46	38.549516	38.095915
1	56	46	51	38.549516	70.956377
1	67	7	13	38.121891	90.589073
1	67	13	19	38.121891	36.991442
1	67	19	25	38.121891	20.855260
1	67	25	31	38.121891	15.052260
1	67	31	37	38.121891	17.525715
1	67	37	43	38.121891	17.665316
1	67	43	49	38.121891	21.843228
1	67	49	55	38.121891	32.975244
1	67	55	61	38.121891	71.591554
2	13	3	4	10.271394	295.139233
2	13	4	5	10.271394	83.822083
2	13	5	6	10.271394	42.994108
2	13	6	7	10.271394	27.239461
2	13	7	8	10.271394	17.918476
2	13	8	9	10.271394	17.971544
2	13	9	10	10.271394	26.153728
2	13	10	11	10.271394	58.144100
2	13	11	12	10.271394	226.117619
2	24	4	6	18.732293	221.833224
2	24	6	8	18.732293	63.057771
2	24	8	10	18.732293	25.070744
2	24	10	12	18.732293	16.857368
2	24	12	14	18.732293	15.314305
2	24	14	16	18.732293	16.372132
2	24	16	18	18.732293	19.624745
2	24	18	20	18.732293	37.245196
2	24	20	22	18.732293	93.160085
2	35	5	8	25.791972	184.123781
2	35	8	11	25.791972	43.424424
2	35	11	14	25.791972	23.947279
2	35	14	17	25.791972	18.618731
2	35	17	20	25.791972	15.836943
2	35	20	23	25.791972	14.981100
2	35	23	26	25.791972	18.016045
2	35	26	29	25.791972	30.475088
2	35	29	32	25.791972	117.142457
2	46	6	10	33.971855	150.701633
2	46	10	14	33.971855	42.604515
2	46	14	18	33.971855	26.398475
2	46	18	22	33.971855	18.811550
2	46	22	26	33.971855	16.309547
2	46	26	30	33.971855	15.143529
2	46	30	34	33.971855	21.881851
2	46	34	38	33.971855	38.324753
2	46	38	42	33.971855	69.899183
2	57	7	12	38.599976	113.800150
2	57	12	17	38.599976	41.324078
2	57	17	22	38.599976	24.303520
2	57	22	27	38.599976	18.177203
2	57	27	32	38.599976	15.170217
2	57	32	37	38.599976	21.646673
2	57	37	42	38.599976	24.472761
2	57	42	47	38.599976	39.198147
2	57	47	52	38.599976	71.800018
2	68	8	14	38.916054	91.193947
2	68	14	20	38.916054	36.219645
2	68	20	26	38.916054	20.816835
2	68	26	32	38.916054	15.264460
2	68	32	38	38.916054	18.765049
2	68	38	44	38.916054	18.291266
2	68	44	50	38.916054	22.212127
2	68	50	56	38.916054	33.378026
2	68	56	62	38.916054	74.403041
3	14	4	5	10.308300	298.144929
3	14	5	6	10.308300	92.828238
3	14	6	7	10.308300	45.652435
3	14	7	8	10.308300	23.129284
3	14	8	9	10.308300	17.149624
3	14	9	10	10.308300	18.659714
3	14	10	11	10.308300	28.419623
3	14	11	12	10.308300	59.996336
3	14	12	13	10.308300	474.428458
3	25	5	7	19.942981	257.783943
3	25	7	9	19.942981	58.658717
3	25	9	11	19.942981	27.752393
3	25	11	13	19.942981	17.239591
3	25	13	15	19.942981	18.421987
3	25	15	17	19.942981	15.093964
3	25	17	19	19.942981	21.848512
3	25	19	21	19.942981	37.787604
3	25	21	23	19.942981	113.615052
3	36	6	9	26.518368	184.365142
3	36	9	12	26.518368	44.728070
3	36	12	15	26.518368	26.798638
3	36	15	18	26.518368	17.468496
3	36	18	21	26.518368	15.567222
3	36	21	24	26.518368	15.017860
3	36	24	27	26.518368	17.936313
3	36	27	30	26.518368	29.926007
3	36	30	33	26.518368	110.995012
3	47	7	11	33.699417	137.070804
3	47	11	15	33.699417	43.457240
3	47	15	19	33.699417	24.368300
3	47	19	23	33.699417	18.751856
3	47	23	27	33.699417	15.598176
3	47	27	31	33.699417	15.106089
3	47	31	35	33.699417	22.589595
3	47	35	39	33.699417	37.738168
3	47	39	43	33.699417	65.847247
3	58	8	13	35.664206	102.984485
3	58	13	18	35.664206	38.881161
3	58	18	23	35.664206	22.502442
3	58	23	28	35.664206	15.710745
3	58	28	33	35.664206	15.137939
3	58	33	38	35.664206	20.758722
3	58	38	43	35.664206	22.476411
3	58	43	48	35.664206	36.871769
3	58	48	53	35.664206	71.298526
3	69	9	15	38.110391	91.841197
3	69	15	21	38.110391	33.369305
3	69	21	27	38.110391	20.439882
3	69	27	33	38.110391	15.349402
3	69	33	39	38.110391	18.596461
3	69	39	45	38.110391	18.120137
3	69	45	51	38.110391	21.390498
3	69	51	57	38.110391	32.989121
3	69	57	63	38.110391	69.588073
4	15	5	6	10.335787	310.088468
4	15	6	7	10.335787	93.659414
4	15	7	8	10.335787	35.913724
4	15	8	9	10.335787	20.444989
4	15	9	10	10.335787	16.750235
4	15	10	11	10.335787	17.948062
4	15	11	12	10.335787	23.004203
4	15	12	13	10.335787	59.551820
4	15	13	14	10.335787	304.382747
4	26	6	8	19.486628	235.567391
4	26	8	10	19.486628	52.725434
4	26	10	12	19.486628	25.568992
4	26	12	14	19.486628	18.099253
4	26	14	16	19.486628	16.173694
4	26	16	18	19.486628	15.103175
4	26	18	20	19.486628	21.088122
4	26	20	22	19.486628	34.021745
4	26	22	24	19.486628	105.050918
4	37	7	10	27.526140	160.110345
4	37	10	13	27.526140	44.128262
4	37	13	16	27.526140	27.526714
4	37	16	19	27.526140	18.170210
4	37	19	22	27.526140	15.298405
4	37	22	25	27.526140	15.231524
4	37	25	28	27.526140	17.130825
4	37	28	31	27.526140	30.149992
4	37	31	34	27.526140	101.945622
4	48	8	12	34.433590	129.291059
4	48	12	16	34.433590	44.061927
4	48	16	20	34.433590	25.073573
4	48	20	24	34.433590	18.261961
4	48	24	28	34.433590	15.313654
4	48	28	32	34.433590	16.267677
4	48	32	36	34.433590	25.533550
4	48	36	40	34.433590	34.908600
4	48	40	44	34.433590	68.416168
4	59	9	14	35.178201	100.016442
4	59	14	19	35.178201	36.681750
4	59	19	24	35.178201	21.451207
4	59	24	29	35.178201	15.227650
4	59	29	34	35.178201	15.952978
4	59	34	39	35.178201	20.109324
4	59	39	44	35.178201	22.579332
4	59	44	49	35.178201	33.751180
4	59	49	54	35.178201	74.025733
4	70	10	16	34.806274	81.094705
4	70	16	22	34.806274	30.007419
4	70	22	28	34.806274	18.253560
4	70	28	34	34.806274	15.170453
4	70	34	40	34.806274	16.476192
4	70	40	46	34.806274	17.461652
4	70	46	52	34.806274	19.246800
4	70	52	58	34.806274	30.958220
4	70	58	64	34.806274	60.981008
5	16	6	7	10.272212	294.468345
5	16	7	8	10.272212	67.581775
5	16	8	9	10.272212	29.781114
5	16	9	10	10.272212	19.668470
5	16	10	11	10.272212	16.795702
5	16	11	12	10.272212	16.271659
5	16	12	13	10.272212	25.063901
5	16	13	14	10.272212	63.505068
5	16	14	15	10.272212	254.856364
5	27	7	9	22.309862	201.987044
5	27	9	11	22.309862	57.340229
5	27	11	13	22.309862	26.299187
5	27	13	15	22.309862	22.886699
5	27	15	17	22.309862	15.353682
5	27	17	19	22.309862	17.493057
5	27	19	21	22.309862	22.065108
5	27	21	23	22.309862	41.078397
5	27	23	25	22.309862	104.126656
5	38	8	11	28.387633	145.044936
5	38	11	14	28.387633	43.358530
5	38	14	17	28.387633	26.016122
5	38	17	20	28.387633	18.934102
5	38	20	23	28.387633	15.645956
5	38	23	26	28.387633	15.050430
5	38	26	29	28.387633	16.907140
5	38	29	32	28.387633	30.617731
5	38	32	35	28.387633	98.258758
5	49	9	13	34.520601	120.257414
5	49	13	17	34.520601	43.252238
5	49	17	21	34.520601	24.611011
5	49	21	25	34.520601	17.932540
5	49	25	29	34.520601	15.217213
5	49	29	33	34.520601	17.561307
5	49	33	37	34.520601	26.778535
5	49	37	41	34.520601	35.128810
5	49	41	45	34.520601	70.337644
5	60	10	15	35.504604	97.045634
5	60	15	20	35.504604	33.743000
5	60	20	25	35.504604	20.518495
5	60	25	30	35.504604	15.260729
5	60	30	35	35.504604	16.571662
5	60	35	40	35.504604	19.619738
5	60	40	45	35.504604	23.081872
5	60	45	50	35.504604	33.621707
5	60	50	55	35.504604	72.479466
5	71	11	17	33.690876	73.220467
5	71	17	23	33.690876	28.948692
5	71	23	29	33.690876	16.689899
5	71	29	35	33.690876	15.306245
5	71	35	41	33.690876	16.045573
5	71	41	47	33.690876	16.974485
5	71	47	53	33.690876	19.108134
5	71	53	59	33.690876	30.755606
5	71	59	65	33.690876	54.321978
6	17	7	8	10.349062	249.881576
6	17	8	9	10.349062	58.684756
6	17	9	10	10.349062	28.972724
6	17	10	11	10.349062	19.204081
6	17	11	12	10.349062	15.036890
6	17	12	13	10.349062	17.084713
6	17	13	14	10.349062	29.273089
6	17	14	15	10.349062	64.114406
6	17	15	16	10.349062	148.316283
6	28	8	10	21.398938	171.678037
6	28	10	12	21.398938	49.949132
6	28	12	14	21.398938	26.232600
6	28	14	16	21.398938	19.657333
6	28	16	18	21.398938	15.275458
6	28	18	20	21.398938	17.037055
6	28	20	22	21.398938	20.305345
6	28	22	24	21.398938	40.547721
6	28	24	26	21.398938	109.714310
6	39	9	12	28.129377	133.475994
6	39	12	15	28.129377	44.551351
6	39	15	18	28.129377	22.632114
6	39	18	21	28.129377	17.794177
6	39	21	24	28.129377	15.143753
6	39	24	27	28.129377	15.001305
6	39	27	30	28.129377	16.745164
6	39	30	33	28.129377	31.091169
6	39	33	36	28.129377	98.903795
6	50	10	14	35.327194	115.611219
6	50	14	18	35.327194	41.501251
6	50	18	22	35.327194	23.942039
6	50	22	26	35.327194	18.428884
6	50	26	30	35.327194	15.220228
6	50	30	34	35.327194	19.206715
6	50	34	38	35.327194	27.733263
6	50	38	42	35.327194	33.904386
6	50	42	46	35.327194	74.412342
6	61	11	16	36.123081	91.217356
6	61	16	21	36.123081	33.562884
6	61	21	26	36.123081	20.674663
6	61	26	31	36.123081	15.151272
6	61	31	36	36.123081	18.085301
6	61	36	41	36.123081	18.794862
6	61	41	46	36.123081	23.707342
6	61	46	51	36.123081	32.166479
6	61	51	56	36.123081	70.596614
6	72	12	18	35.053137	74.513418
6	72	18	24	35.053137	29.036007
6	72	24	30	35.053137	17.207108
6	72	30	36	35.053137	17.074967
6	72	36	42	35.053137	15.661331
6	72	42	48	35.053137	18.123322
6	72	48	54	35.053137	20.544617
6	72	54	60	35.053137	33.476632
6	72	60	66	35.053137	52.155536
7	18	8	9	10.381854	229.805927
7	18	9	10	10.381854	61.318959
7	18	10	11	10.381854	29.323962
7	18	11	12	10.381854	17.215271
7	18	12	13	10.381854	15.013663
7	18	13	14	10.381854	19.775226
7	18	14	15	10.381854	31.387576
7	18	15	16	10.381854	43.918009
7	18	16	17	10.381854	142.761932
7	29	9	11	20.724394	171.271939
7	29	11	13	20.724394	44.056305
7	29	13	15	20.724394	28.507878
7	29	15	17	20.724394	15.899683
7	29	17	19	20.724394	15.212007
7	29	19	21	20.724394	15.682776
7	29	21	23	20.724394	21.927426
7	29	23	25	20.724394	37.784133
7	29	25	27	20.724394	110.291417
7	40	10	13	28.984079	131.759357
7	40	13	16	28.984079	45.849692
7	40	16	19	28.984079	23.679175
7	40	19	22	28.984079	17.460391
7	40	22	25	28.984079	15.486161
7	40	25	28	28.984079	14.854659
7	40	28	31	28.984079	18.698581
7	40	31	34	28.984079	34.972670
7	40	34	37	28.984079	104.866179
7	51	11	15	35.387825	112.837406
7	51	15	19	35.387825	37.443062
7	51	19	23	35.387825	23.863118
7	51	23	27	35.387825	17.663158
7	51	27	31	35.387825	15.217324
7	51	31	35	35.387825	20.142825
7	51	35	39	35.387825	28.234844
7	51	39	43	35.387825	34.527235
7	51	43	47	35.387825	75.701252
7	62	12	17	36.731239	91.426258
7	62	17	22	36.731239	33.430216
7	62	22	27	36.731239	20.979383
7	62	27	32	36.731239	15.216217
7	62	32	37	36.731239	18.948201
7	62	37	42	36.731239	18.442680
7	62	42	47	36.731239	24.024392
7	62	47	52	36.731239	31.079431
7	62	52	57	36.731239	68.083289
8	19	9	10	10.239464	216.409619
8	19	10	11	10.239464	58.423705
8	19	11	12	10.239464	24.657108
8	19	12	13	10.239464	16.321252
8	19	13	14	10.239464	16.900834
8	19	14	15	10.239464	21.026586
8	19	15	16	10.239464	22.113520
8	19	16	17	10.239464	43.617302
8	19	17	18	10.239464	153.135621
8	30	10	12	21.522618	164.699340
8	30	12	14	21.522618	46.189000
8	30	14	16	21.522618	26.592897
8	30	16	18	21.522618	16.920939
8	30	18	20	21.522618	15.730980
8	30	20	22	21.522618	15.152071
8	30	22	24	21.522618	22.811979
8	30	24	26	21.522618	41.983972
8	30	26	28	21.522618	106.609886
8	41	11	14	30.103154	125.189771
8	41	14	17	30.103154	43.832337
8	41	17	20	30.103154	24.660411
8	41	20	23	30.103154	17.852689
8	41	23	26	30.103154	15.344527
8	41	26	29	30.103154	14.793464
8	41	29	32	30.103154	20.105400
8	41	32	35	30.103154	37.578714
8	41	35	38	30.103154	111.517912
8	52	12	16	33.895252	104.209492
8	52	16	20	33.895252	35.935082
8	52	20	24	33.895252	21.533301
8	52	24	28	33.895252	16.142174
8	52	28	32	33.895252	15.316440
8	52	32	36	33.895252	21.379019
8	52	36	40	33.895252	24.967671
8	52	40	44	33.895252	35.924763
8	52	44	48	33.895252	73.674982
8	63	13	18	34.686849	85.773442
8	63	18	23	34.686849	30.900445
8	63	23	28	34.686849	18.179260
8	63	28	33	34.686849	15.261565
8	63	33	38	34.686849	18.129299
8	63	38	43	34.686849	17.045530
8	63	43	48	34.686849	22.530786
8	63	48	53	34.686849	29.884927
8	63	53	58	34.686849	61.279449
9	20	10	11	10.408803	221.512192
9	20	11	12	10.408803	50.602523
9	20	12	13	10.408803	23.512692
9	20	13	14	10.408803	18.758975
9	20	14	15	10.408803	18.294230
9	20	15	16	10.408803	14.985944
9	20	16	17	10.408803	21.632099
9	20	17	18	10.408803	43.799894
9	20	18	19	10.408803	138.525656
9	31	11	13	22.075787	147.215848
9	31	13	15	22.075787	52.465631
9	31	15	17	22.075787	22.386523
9	31	17	19	22.075787	17.647565
9	31	19	21	22.075787	15.233952
9	31	21	23	22.075787	16.989259
9	31	23	25	22.075787	22.162078
9	31	25	27	22.075787	45.064477
9	31	27	29	22.075787	118.592708
9	42	12	15	30.202635	127.420971
9	42	15	18	30.202635	38.239940
9	42	18	21	30.202635	23.527127
9	42	21	24	30.202635	17.522507
9	42	24	27	30.202635	15.560233
9	42	27	30	30.202635	14.901241
9	42	30	33	30.202635	21.787355
9	42	33	36	30.202635	42.537757
9	42	36	39	30.202635	109.198902
9	53	13	17	32.302870	99.838453
9	53	17	21	32.302870	33.401639
9	53	21	25	32.302870	19.934915
9	53	25	29	32.302870	15.032479
9	53	29	33	32.302870	15.450352
9	53	33	37	32.302870	20.862588
9	53	37	41	32.302870	23.444998
9	53	41	45	32.302870	34.631095
9	53	45	49	32.302870	65.296857
9	64	14	19	32.479996	76.274528
9	64	19	24	32.479996	27.667387
9	64	24	29	32.479996	16.579744
9	64	29	34	32.479996	15.214874
9	64	34	39	32.479996	16.904199
9	64	39	44	32.479996	16.371935
9	64	44	49	32.479996	19.851056
9	64	49	54	32.479996	30.012820
9	64	54	59	32.479996	59.969568
10	21	11	12	11.618235	208.173666
10	21	12	13	11.618235	53.113807
10	21	13	14	11.618235	30.172150
10	21	14	15	11.618235	23.102537
10	21	15	16	11.618235	14.892402
10	21	16	17	11.618235	17.098147
10	21	17	18	11.618235	26.166634
10	21	18	19	11.618235	48.668466
10	21	19	20	11.618235	144.567765
10	32	12	14	23.728713	158.134820
10	32	14	16	23.728713	53.044988
10	32	16	18	23.728713	24.986669
10	32	18	20	23.728713	18.966530
10	32	20	22	23.728713	15.199900
10	32	22	24	23.728713	18.384689
10	32	24	26	23.728713	25.619134
10	32	26	28	23.728713	45.775535
10	32	28	30	23.728713	159.701609
10	43	13	16	30.821185	134.779591
10	43	16	19	30.821185	39.733304
10	43	19	22	30.821185	22.833017
10	43	22	25	30.821185	17.637328
10	43	25	28	30.821185	15.111456
10	43	28	31	30.821185	16.299655
10	43	31	34	30.821185	24.129340
10	43	34	37	30.821185	44.630392
10	43	37	40	30.821185	101.929918
10	54	14	18	33.210499	99.408729
10	54	18	22	33.210499	32.916194
10	54	22	26	33.210499	20.581443
10	54	26	30	33.210499	14.958389
10	54	30	34	33.210499	16.866119
10	54	34	38	33.210499	21.549887
10	54	38	42	33.210499	22.862535
10	54	42	46	33.210499	37.435034
10	54	46	50	33.210499	67.686530
10	65	15	20	31.252377	66.272373
10	65	20	25	31.252377	25.327348
10	65	25	30	31.252377	15.876892
10	65	30	35	31.252377	15.165076
10	65	35	40	31.252377	15.940765
10	65	40	45	31.252377	16.380006
10	65	45	50	31.252377	19.299945
10	65	50	55	31.252377	29.263955
10	65	55	60	31.252377	62.480890
11	22	12	13	11.209500	212.407020
11	22	13	14	11.209500	62.128438
11	22	14	15	11.209500	33.876488
11	22	15	16	11.209500	16.432856
11	22	16	17	11.209500	15.075737
11	22	17	18	11.209500	18.317663
11	22	18	19	11.209500	26.292238
11	22	19	20	11.209500	48.884165
11	22	20	21	11.209500	132.560059
11	33	13	15	22.333220	178.036612
11	33	15	17	22.333220	41.687859
11	33	17	19	22.333220	24.384597
11	33	19	21	22.333220	17.027806
11	33	21	23	22.333220	15.401918
11	33	23	25	22.333220	15.825739
11	33	25	27	22.333220	24.685319
11	33	27	29	22.333220	44.718469
11	33	29	31	22.333220	159.817601
11	44	14	17	32.375951	142.384202
11	44	17	20	32.375951	43.212490
11	44	20	23	32.375951	23.787835
11	44	23	26	32.375951	17.627277
11	44	26	29	32.375951	15.063105
11	44	29	32	32.375951	17.588182
11	44	32	35	32.375951	26.120927
11	44	35	38	32.375951	47.053103
11	44	38	41	32.375951	98.852430
11	55	15	19	33.246971	89.069457
11	55	19	23	33.246971	33.044978
11	55	23	27	33.246971	19.607776
11	55	27	31	33.246971	14.769992
11	55	31	35	33.246971	17.455717
11	55	35	39	33.246971	21.500381
11	55	39	43	33.246971	22.675593
11	55	43	47	33.246971	37.365581
11	55	47	51	33.246971	65.765309
11	66	16	21	30.984790	67.046819
11	66	21	26	30.984790	25.223133
11	66	26	31	30.984790	15.394483
11	66	31	36	30.984790	16.246342
11	66	36	41	30.984790	15.075268
11	66	41	46	30.984790	16.760086
11	66	46	51	30.984790	18.477956
11	66	51	56	30.984790	29.254232
11	66	56	61	30.984790	63.920737
12	23	13	14	10.647783	231.516454
12	23	14	15	10.647783	70.365780
12	23	15	16	10.647783	22.334901
12	23	16	17	10.647783	15.695315
12	23	17	18	10.647783	14.912402
12	23	18	19	10.647783	16.669197
12	23	19	20	10.647783	23.457446
12	23	20	21	10.647783	37.103191
12	23	21	22	10.647783	108.363359
12	34	14	16	22.252598	182.899304
12	34	16	18	22.252598	42.919421
12	34	18	20	22.252598	24.234286
12	34	20	22	22.252598	15.546554
12	34	22	24	22.252598	15.148118
12	34	24	26	22.252598	16.154314
12	34	26	28	22.252598	21.294182
12	34	28	30	22.252598	48.755639
12	34	30	32	22.252598	151.388686
12	45	15	18	32.842730	120.115463
12	45	18	21	32.842730	42.268193
12	45	21	24	32.842730	23.785613
12	45	24	27	32.842730	18.010052
12	45	27	30	32.842730	15.026707
12	45	30	33	32.842730	18.896284
12	45	33	36	32.842730	28.819303
12	45	36	39	32.842730	44.052019
12	45	39	42	32.842730	88.493621
12	56	16	20	32.404374	88.780563
12	56	20	24	32.404374	30.569636
12	56	24	28	32.404374	18.318148
12	56	28	32	32.404374	15.076845
12	56	32	36	32.404374	18.719628
12	56	36	40	32.404374	19.344050
12	56	40	44	32.404374	23.727972
12	56	44	48	32.404374	36.121279
12	56	48	52	32.404374	63.920742
12	67	17	22	31.491666	67.884022
12	67	22	27	31.491666	25.693570
12	67	27	32	31.491666	15.421023
12	67	32	37	31.491666	17.183597
12	67	37	42	31.491666	15.053627
12	67	42	47	31.491666	17.482463
12	67	47	52	31.491666	18.596892
12	67	52	57	31.491666	30.182135
12	67	57	62	31.491666	66.918314
13	24	14	15	10.572744	495.663093
13	24	15	16	10.572744	57.453245
13	24	16	17	10.572744	23.946677
13	24	17	18	10.572744	17.053602
13	24	18	19	10.572744	14.922934
13	24	19	20	10.572744	16.921109
13	24	20	21	10.572744	20.720095
13	24	21	22	10.572744	36.531137
13	24	22	23	10.572744	114.100570
13	35	15	17	24.840237	180.426337
13	35	17	19	24.840237	50.454552
13	35	19	21	24.840237	26.175369
13	35	21	23	24.840237	18.648915
13	35	23	25	24.840237	15.403117
13	35	25	27	24.840237	18.356704
13	35	27	29	24.840237	23.624130
13	35	29	31	24.840237	56.650620
13	35	31	33	24.840237	193.830916
13	46	16	19	31.137040	122.040644
13	46	19	22	31.137040	38.936752
13	46	22	25	31.137040	22.522601
13	46	25	28	31.137040	16.274654
13	46	28	31	31.137040	15.136626
13	46	31	34	31.137040	19.184771
13	46	34	37	31.137040	27.341336
13	46	37	40	31.137040	36.824133
13	46	40	43	31.137040	77.932225
13	57	17	21	30.465556	85.755037
13	57	21	25	30.465556	28.617270
13	57	25	29	30.465556	16.987350
13	57	29	33	30.465556	15.020699
13	57	33	37	30.465556	17.933502
13	57	37	41	30.465556	18.021461
13	57	41	45	30.465556	22.745231
13	57	45	49	30.465556	32.224731
13	57	49	53	30.465556	67.070500
13	68	18	23	32.299637	70.149730
13	68	23	28	32.299637	24.450311
13	68	28	33	32.299637	16.876199
13	68	33	38	32.299637	18.091543
13	68	38	43	32.299637	15.240326
13	68	43	48	32.299637	17.957600
13	68	48	53	32.299637	19.649097
13	68	53	58	32.299637	30.074070
13	68	58	63	32.299637	64.313862
14	25	15	16	10.330462	296.633287
14	25	16	17	10.330462	58.205912
14	25	17	18	10.330462	26.415040
14	25	18	19	10.330462	17.385763
14	25	19	20	10.330462	15.459485
14	25	20	21	10.330462	15.066859
14	25	21	22	10.330462	20.717192
14	25	22	23	10.330462	43.267144
14	25	23	24	10.330462	101.927057
14	36	16	18	24.031029	185.869972
14	36	18	20	24.031029	51.818546
14	36	20	22	24.031029	24.139422
14	36	22	24	24.031029	18.430753
14	36	24	26	24.031029	15.253000
14	36	26	28	24.031029	15.227518
14	36	28	30	24.031029	23.443176
14	36	30	32	24.031029	47.814298
14	36	32	34	24.031029	173.090852
14	47	17	20	30.214546	130.212719
14	47	20	23	30.214546	38.610598
14	47	23	26	30.214546	21.152467
14	47	26	29	30.214546	15.116223
14	47	29	32	30.214546	15.227323
14	47	32	35	30.214546	19.503176
14	47	35	38	30.214546	27.183068
14	47	38	41	30.214546	33.860970
14	47	41	44	30.214546	74.338737
14	58	18	22	28.418187	82.594510
14	58	22	26	28.418187	27.966810
14	58	26	30	28.418187	15.540253
14	58	30	34	28.418187	15.034320
14	58	34	38	28.418187	16.988260
14	58	38	42	28.418187	16.147491
14	58	42	46	28.418187	22.637425
14	58	46	50	28.418187	30.618859
14	58	50	54	28.418187	66.707582
14	69	19	24	31.192940	69.443572
14	69	24	29	31.192940	23.671006
14	69	29	34	31.192940	17.465360
14	69	34	39	31.192940	17.266293
14	69	39	44	31.192940	15.111494
14	69	44	49	31.192940	16.339856
14	69	49	54	31.192940	20.398808
14	69	54	59	31.192940	29.857900
14	69	59	64	31.192940	54.474825
15	26	16	17	11.130063	269.965477
15	26	17	18	11.130063	63.992416
15	26	18	19	11.130063	29.633261
15	26	19	20	11.130063	20.105869
15	26	20	21	11.130063	15.003596
15	26	21	22	11.130063	16.062836
15	26	22	23	11.130063	26.244158
15	26	23	24	11.130063	39.829933
15	26	24	25	11.130063	100.849927
15	37	17	19	25.681318	203.618601
15	37	19	21	25.681318	57.052033
15	37	21	23	25.681318	28.729046
15	37	23	25	25.681318	18.066761
15	37	25	27	25.681318	16.700430
15	37	27	29	25.681318	15.177901
15	37	29	31	25.681318	23.905556
15	37	31	33	25.681318	47.460966
15	37	33	35	25.681318	147.866312
15	48	18	21	30.457378	136.790309
15	48	21	24	30.457378	40.808018
15	48	24	27	30.457378	22.166612
15	48	27	30	30.457378	15.094874
15	48	30	33	30.457378	16.374769
15	48	33	36	30.457378	21.509917
15	48	36	39	30.457378	25.686778
15	48	39	42	30.457378	31.882797
15	48	42	45	30.457378	71.335588
15	59	19	23	27.803762	85.918839
15	59	23	27	27.803762	26.777657
15	59	27	31	27.803762	15.110717
15	59	31	35	27.803762	15.325195
15	59	35	39	27.803762	16.618489
15	59	39	43	27.803762	15.653977
15	59	43	47	27.803762	22.037521
15	59	47	51	27.803762	29.083672
15	59	51	55	27.803762	65.761479
15	70	20	25	29.926870	67.117437
15	70	25	30	29.926870	23.298013
15	70	30	35	29.926870	17.588552
15	70	35	40	29.926870	16.427029
15	70	40	45	29.926870	15.215973
15	70	45	50	29.926870	15.867162
15	70	50	55	29.926870	20.100634
15	70	55	60	29.926870	31.185302
15	70	60	65	29.926870	48.242044
16	27	17	18	11.933764	189.136951
16	27	18	19	11.933764	56.257027
16	27	19	20	11.933764	29.810826
16	27	20	21	11.933764	17.724541
16	27	21	22	11.933764	15.036260
16	27	22	23	11.933764	19.507479
16	27	23	24	11.933764	22.844456
16	27	24	25	11.933764	38.364083
16	27	25	26	11.933764	104.635474
16	38	18	20	26.841544	181.284825
16	38	20	22	26.841544	51.151314
16	38	22	24	26.841544	29.551538
16	38	24	26	26.841544	19.146315
16	38	26	28	26.841544	15.253815
16	38	28	30	26.841544	17.160676
16	38	30	32	26.841544	24.044105
16	38	32	34	26.841544	50.102036
16	38	34	36	26.841544	158.489349
16	49	19	22	28.522705	114.952736
16	49	22	25	28.522705	37.405302
16	49	25	28	28.522705	19.699357
16	49	28	31	28.522705	15.020710
16	49	31	34	28.522705	16.639624
16	49	34	37	28.522705	20.603961
16	49	37	40	28.522705	22.749939
16	49	40	43	28.522705	31.634746
16	49	43	46	28.522705	72.383997
16	60	20	24	28.159519	77.941879
16	60	24	28	28.159519	25.665395
16	60	28	32	28.159519	15.835223
16	60	32	36	28.159519	16.795768
16	60	36	40	28.159519	15.310665
16	60	40	44	28.159519	16.644766
16	60	44	48	28.159519	21.372965
16	60	48	52	28.159519	28.170309
16	60	52	56	28.159519	64.086943
16	71	21	26	30.091671	65.497665
16	71	26	31	30.091671	22.393892
16	71	31	36	30.091671	18.898794
16	71	36	41	30.091671	15.802976
16	71	41	46	30.091671	15.689971
16	71	46	51	30.091671	15.279070
16	71	51	56	30.091671	20.379072
16	71	56	61	30.091671	32.745927
16	71	61	66	30.091671	44.814404
17	28	18	19	10.320548	146.606570
17	28	19	20	10.320548	48.271396
17	28	20	21	10.320548	21.748500
17	28	21	22	10.320548	14.854217
17	28	22	23	10.320548	15.692162
17	28	23	24	10.320548	14.842831
17	28	24	25	10.320548	20.453640
17	28	25	26	10.320548	37.283785
17	28	26	27	10.320548	101.412309
17	39	19	21	28.466904	180.511137
17	39	21	23	28.466904	56.220271
17	39	23	25	28.466904	27.497354
17	39	25	27	28.466904	20.724346
17	39	27	29	28.466904	15.157395
17	39	29	31	28.466904	18.592431
17	39	31	33	28.466904	26.544357
17	39	33	35	28.466904	49.303617
17	39	35	37	28.466904	156.655764
17	50	20	23	28.034985	104.531029
17	50	23	26	28.034985	33.893467
17	50	26	29	28.034985	18.081877
17	50	29	32	28.034985	15.090834
17	50	32	35	28.034985	17.051385
17	50	35	38	28.034985	20.829020
17	50	38	41	28.034985	21.579418
17	50	41	44	28.034985	32.203529
17	50	44	47	28.034985	65.923335
17	61	21	25	28.534407	77.189303
17	61	25	29	28.534407	25.413125
17	61	29	33	28.534407	16.731195
17	61	33	37	28.534407	17.204583
17	61	37	41	28.534407	15.126827
17	61	41	45	28.534407	16.804724
17	61	45	49	28.534407	19.873744
17	61	49	53	28.534407	30.080375
17	61	53	57	28.534407	61.167840
17	72	22	27	31.174687	68.024673
17	72	27	32	31.174687	22.435297
17	72	32	37	31.174687	20.197343
17	72	37	42	31.174687	15.884694
17	72	42	47	31.174687	16.581984
17	72	47	52	31.174687	15.473875
17	72	52	57	31.174687	21.265360
17	72	57	62	31.174687	35.086776
17	72	62	67	31.174687	44.324314
18	29	19	20	11.280760	173.900548
18	29	20	21	11.280760	45.880483
18	29	21	22	11.280760	23.464945
18	29	22	23	11.280760	19.778753
18	29	23	24	11.280760	14.816791
18	29	24	25	11.280760	16.496238
18	29	25	26	11.280760	24.395456
18	29	26	27	11.280760	41.159458
18	29	27	28	11.280760	92.237616
18	40	20	22	25.797494	147.746133
18	40	22	24	25.797494	53.339649
18	40	24	26	25.797494	26.032206
18	40	26	28	25.797494	16.867142
18	40	28	30	25.797494	15.233204
18	40	30	32	25.797494	17.195333
18	40	32	34	25.797494	26.768465
18	40	34	36	25.797494	50.118959
18	40	36	38	25.797494	141.942915
18	51	21	24	26.449451	100.330101
18	51	24	27	26.449451	32.740199
18	51	27	30	26.449451	16.500759
18	51	30	33	26.449451	15.065853
18	51	33	36	26.449451	17.552402
18	51	36	39	26.449451	18.668022
18	51	39	42	26.449451	19.752338
18	51	42	45	26.449451	32.024443
18	51	45	48	26.449451	63.494509
18	62	22	26	30.203715	85.489757
18	62	26	30	30.203715	25.897465
18	62	30	34	30.203715	18.674713
18	62	34	38	30.203715	18.144692
18	62	38	42	30.203715	15.075606
18	62	42	46	30.203715	18.407308
18	62	46	50	30.203715	20.212283
18	62	50	54	30.203715	31.383822
18	62	54	58	30.203715	59.057317
19	30	20	21	11.143832	146.968122
19	30	21	22	11.143832	43.903558
19	30	22	23	11.143832	28.149514
19	30	23	24	11.143832	16.674669
19	30	24	25	11.143832	14.847262
19	30	25	26	11.143832	18.015556
19	30	26	27	11.143832	24.406836
19	30	27	28	11.143832	35.816502
19	30	28	29	11.143832	108.931719
19	41	21	23	24.719073	147.749068
19	41	23	25	24.719073	45.792307
19	41	25	27	24.719073	26.200909
19	41	27	29	24.719073	15.135199
19	41	29	31	24.719073	15.206458
19	41	31	33	24.719073	17.826754
19	41	33	35	24.719073	25.645003
19	41	35	37	24.719073	49.516551
19	41	37	39	24.719073	119.021367
19	52	22	25	24.461970	96.976770
19	52	25	28	24.461970	29.834112
19	52	28	31	24.461970	16.264457
19	52	31	34	24.461970	15.047586
19	52	34	37	24.461970	16.371337
19	52	37	40	24.461970	16.219343
19	52	40	43	24.461970	19.373169
19	52	43	46	24.461970	31.788666
19	52	46	49	24.461970	53.935618
19	63	23	27	30.665762	81.915376
19	63	27	31	30.665762	25.421149
19	63	31	35	30.665762	19.651292
19	63	35	39	30.665762	18.390207
19	63	39	43	30.665762	15.148637
19	63	43	47	30.665762	18.648652
19	63	47	51	30.665762	19.750715
19	63	51	55	30.665762	32.138703
19	63	55	59	30.665762	62.456810
20	31	21	22	9.988600	120.071309
20	31	22	23	9.988600	46.694552
20	31	23	24	9.988600	21.121185
20	31	24	25	9.988600	15.018549
20	31	25	26	9.988600	14.767402
20	31	26	27	9.988600	16.255696
20	31	27	28	9.988600	18.991006
20	31	28	29	9.988600	38.659580
20	31	29	30	9.988600	115.763862
20	42	22	24	24.370653	153.655533
20	42	24	26	24.370653	47.128658
20	42	26	28	24.370653	23.323889
20	42	28	30	24.370653	16.444707
20	42	30	32	24.370653	15.370899
20	42	32	34	24.370653	19.781919
20	42	34	36	24.370653	28.588320
20	42	36	38	24.370653	49.846626
20	42	38	40	24.370653	109.679463
20	53	23	26	23.260892	85.379742
20	53	26	29	23.260892	26.856400
20	53	29	32	23.260892	15.927723
20	53	32	35	23.260892	14.978869
20	53	35	38	23.260892	16.103130
20	53	38	41	23.260892	14.964642
20	53	41	44	23.260892	19.309189
20	53	44	47	23.260892	29.411417
20	53	47	50	23.260892	54.394962
20	64	24	28	28.505660	75.714437
20	64	28	32	28.505660	24.941404
20	64	32	36	28.505660	19.980634
20	64	36	40	28.505660	15.663205
20	64	40	44	28.505660	15.095305
20	64	44	48	28.505660	16.951949
20	64	48	52	28.505660	18.043576
20	64	52	56	28.505660	29.885020
20	64	56	60	28.505660	64.883262
21	32	22	23	10.454978	135.819099
21	32	23	24	10.454978	38.023990
21	32	24	25	10.454978	21.140177
21	32	25	26	10.454978	17.071574
21	32	26	27	10.454978	15.307794
21	32	27	28	10.454978	14.590337
21	32	28	29	10.454978	24.583894
21	32	29	30	10.454978	50.166710
21	32	30	31	10.454978	126.107365
21	43	23	25	22.514034	116.729517
21	43	25	27	22.514034	44.509818
21	43	27	29	22.514034	19.416271
21	43	29	31	22.514034	15.532449
21	43	31	33	22.514034	15.208297
21	43	33	35	22.514034	18.354022
21	43	35	37	22.514034	27.598379
21	43	37	39	22.514034	43.858517
21	43	39	41	22.514034	105.719149
21	54	24	27	24.268513	87.427574
21	54	27	30	24.268513	25.946818
21	54	30	33	24.268513	17.105578
21	54	33	36	24.268513	16.677373
21	54	36	39	24.268513	15.496184
21	54	39	42	24.268513	14.896967
21	54	42	45	24.268513	20.844481
21	54	45	48	24.268513	30.445473
21	54	48	51	24.268513	54.657941
21	65	25	29	27.986788	72.797910
21	65	29	33	27.986788	25.249118
21	65	33	37	27.986788	19.830479
21	65	37	41	27.986788	15.152228
21	65	41	45	27.986788	15.056723
21	65	45	49	27.986788	15.656119
21	65	49	53	27.986788	19.303575
21	65	53	57	27.986788	28.643095
21	65	57	61	27.986788	66.336737
22	33	23	24	12.519538	129.679741
22	33	24	25	12.519538	43.475522
22	33	25	26	12.519538	27.577847
22	33	26	27	12.519538	19.933734
22	33	27	28	12.519538	14.902026
22	33	28	29	12.519538	20.457912
22	33	29	30	12.519538	34.001530
22	33	30	31	12.519538	61.103815
22	33	31	32	12.519538	167.004876
22	44	24	26	21.787654	112.596319
22	44	26	28	21.787654	38.342609
22	44	28	30	21.787654	20.079285
22	44	30	32	21.787654	15.009591
22	44	32	34	21.787654	16.119920
22	44	34	36	21.787654	19.045689
22	44	36	38	21.787654	25.012601
22	44	38	40	21.787654	35.397605
22	44	40	42	21.787654	89.311624
22	55	25	28	25.285111	89.699635
22	55	28	31	25.285111	28.223052
22	55	31	34	25.285111	18.997755
22	55	34	37	25.285111	17.277491
22	55	37	40	25.285111	15.037889
22	55	40	43	25.285111	16.111580
22	55	43	46	25.285111	22.614198
22	55	46	49	25.285111	28.197743
22	55	49	52	25.285111	57.149712
22	66	26	30	29.083802	71.086285
22	66	30	34	29.083802	27.326562
22	66	34	38	29.083802	20.432279
22	66	38	42	29.083802	15.008694
22	66	42	46	29.083802	16.546890
22	66	46	50	29.083802	16.018614
22	66	50	54	29.083802	20.757552
22	66	54	58	29.083802	28.733437
22	66	58	62	29.083802	70.404655
23	34	24	25	11.277742	113.570342
23	34	25	26	11.277742	45.564894
23	34	26	27	11.277742	25.776757
23	34	27	28	11.277742	14.638491
23	34	28	29	11.277742	15.327551
23	34	29	30	11.277742	19.821277
23	34	30	31	11.277742	28.867905
23	34	31	32	11.277742	52.858317
23	34	32	33	11.277742	161.570791
23	45	25	27	20.172677	117.747048
23	45	27	29	20.172677	33.355691
23	45	29	31	20.172677	19.704166
23	45	31	33	20.172677	15.144946
23	45	33	35	20.172677	15.026120
23	45	35	37	20.172677	18.442300
23	45	37	39	20.172677	21.588374
23	45	39	41	20.172677	31.256226
23	45	41	43	20.172677	75.825017
23	56	26	29	25.745370	91.383851
23	56	29	32	25.745370	30.260122
23	56	32	35	25.745370	20.620849
23	56	35	38	25.745370	18.230782
23	56	38	41	25.745370	14.896252
23	56	41	44	25.745370	17.251797
23	56	44	47	25.745370	22.533909
23	56	47	50	25.745370	29.940345
23	56	50	53	25.745370	61.577590
23	67	27	31	29.034794	69.284578
23	67	31	35	29.034794	28.896055
23	67	35	39	29.034794	20.518344
23	67	39	43	29.034794	14.963968
23	67	43	47	29.034794	16.695287
23	67	47	51	29.034794	15.645486
23	67	51	55	29.034794	21.603862
23	67	55	59	29.034794	30.319224
23	67	59	63	29.034794	64.653117
24	35	25	26	10.339012	106.933964
24	35	26	27	10.339012	40.656979
24	35	27	28	10.339012	18.312100
24	35	28	29	10.339012	14.970837
24	35	29	30	10.339012	15.146577
24	35	30	31	10.339012	18.119837
24	35	31	32	10.339012	27.257035
24	35	32	33	10.339012	58.396684
24	35	33	34	10.339012	177.838749
24	46	26	28	18.980731	99.804454
24	46	28	30	18.980731	33.391477
24	46	30	32	18.980731	18.505903
24	46	32	34	18.980731	15.680132
24	46	34	36	18.980731	15.025023
24	46	36	38	18.980731	16.019572
24	46	38	40	18.980731	17.266106
24	46	40	42	18.980731	26.669164
24	46	42	44	18.980731	69.413786
24	57	27	30	27.052576	86.022496
24	57	30	33	27.052576	32.902035
24	57	33	36	27.052576	22.961055
24	57	36	39	27.052576	17.800185
24	57	39	42	27.052576	14.993699
24	57	42	45	27.052576	19.000659
24	57	45	48	27.052576	23.793378
24	57	48	51	27.052576	31.169203
24	57	51	54	27.052576	70.602610
24	68	28	32	28.924411	71.739778
24	68	32	36	28.924411	30.868880
24	68	36	40	28.924411	18.576424
24	68	40	44	28.924411	15.891612
24	68	44	48	28.924411	16.095945
24	68	48	52	28.924411	15.183088
24	68	52	56	28.924411	21.558318
24	68	56	60	28.924411	32.838694
24	68	60	64	28.924411	52.767067
25	36	26	27	10.918049	106.478781
25	36	27	28	10.918049	32.541965
25	36	28	29	10.918049	20.893960
25	36	29	30	10.918049	15.949729
25	36	30	31	10.918049	14.786131
25	36	31	32	10.918049	17.134810
25	36	32	33	10.918049	28.492377
25	36	33	34	10.918049	55.809679
25	36	34	35	10.918049	167.948578
25	47	27	29	18.880061	84.937501
25	47	29	31	18.880061	33.798269
25	47	31	33	18.880061	19.540920
25	47	33	35	18.880061	15.529956
25	47	35	37	18.880061	15.494511
25	47	37	39	18.880061	15.032163
25	47	39	41	18.880061	16.535944
25	47	41	43	18.880061	25.066503
25	47	43	45	18.880061	62.981296
25	58	28	31	25.718700	86.038371
25	58	31	34	25.718700	33.312505
25	58	34	37	25.718700	21.723467
25	58	37	40	25.718700	15.579201
25	58	40	43	25.718700	14.938842
25	58	43	46	25.718700	18.981855
25	58	46	49	25.718700	20.539890
25	58	49	52	25.718700	31.370304
25	58	52	55	25.718700	71.328406
25	69	29	33	29.040523	74.266689
25	69	33	37	29.040523	31.509587
25	69	37	41	29.040523	18.065347
25	69	41	45	29.040523	16.138029
25	69	45	49	29.040523	15.170970
25	69	49	53	29.040523	16.480536
25	69	53	57	29.040523	21.006835
25	69	57	61	29.040523	34.327566
25	69	61	65	29.040523	44.971651
26	37	27	28	11.706385	95.286917
26	37	28	29	11.706385	39.379916
26	37	29	30	11.706385	23.189373
26	37	30	31	11.706385	16.872790
26	37	31	32	11.706385	14.869818
26	37	32	33	11.706385	18.627923
26	37	33	34	11.706385	27.038777
26	37	34	35	11.706385	46.699348
26	37	35	36	11.706385	165.589697
26	48	28	30	21.524244	106.295962
26	48	30	32	21.524244	39.642296
26	48	32	34	21.524244	25.188943
26	48	34	36	21.524244	18.876249
26	48	36	38	21.524244	16.339663
26	48	38	40	21.524244	15.054758
26	48	40	42	21.524244	18.472648
26	48	42	44	21.524244	29.963811
26	48	44	46	21.524244	69.557611
26	59	29	32	25.780836	89.165032
26	59	32	35	25.780836	35.709672
26	59	35	38	25.780836	22.223526
26	59	38	41	25.780836	15.006211
26	59	41	44	25.780836	15.554552
26	59	44	47	25.780836	18.295414
26	59	47	50	25.780836	20.864187
26	59	50	53	25.780836	32.417098
26	59	53	56	25.780836	67.871549
26	70	30	34	29.969060	81.701098
26	70	34	38	29.969060	32.182986
26	70	38	42	29.969060	17.811966
26	70	42	46	29.969060	17.700616
26	70	46	50	29.969060	15.387280
26	70	50	54	29.969060	17.705869
26	70	54	58	29.969060	21.196572
26	70	58	62	29.969060	37.905565
26	70	62	66	29.969060	43.919578
27	38	28	29	10.543084	100.654645
27	38	29	30	10.543084	36.341828
27	38	30	31	10.543084	21.281523
27	38	31	32	10.543084	15.059388
27	38	32	33	10.543084	14.868709
27	38	33	34	10.543084	16.889709
27	38	34	35	10.543084	21.267864
27	38	35	36	10.543084	46.667985
27	38	36	37	10.543084	136.672983
27	49	29	31	21.350189	108.214792
27	49	31	33	21.350189	42.097565
27	49	33	35	21.350189	25.350650
27	49	35	37	21.350189	19.795137
27	49	37	39	21.350189	15.694441
27	49	39	41	21.350189	14.834425
27	49	41	43	21.350189	18.669679
27	49	43	45	21.350189	30.537564
27	49	45	47	21.350189	69.118404
27	60	30	33	27.352947	99.383247
27	60	33	36	27.352947	40.202003
27	60	36	39	27.352947	21.258854
27	60	39	42	27.352947	15.063226
27	60	42	45	27.352947	17.036578
27	60	45	48	27.352947	18.930014
27	60	48	51	27.352947	20.913171
27	60	51	54	27.352947	35.665538
27	60	54	57	27.352947	68.269672
27	71	31	35	30.829193	88.039907
27	71	35	39	30.829193	33.141848
27	71	39	43	30.829193	18.122410
27	71	43	47	30.829193	18.303511
27	71	47	51	30.829193	15.330451
27	71	51	55	30.829193	18.868680
27	71	55	59	30.829193	22.740077
27	71	59	63	30.829193	36.279401
27	71	63	67	30.829193	45.460915
28	39	29	30	10.586258	89.010965
28	39	30	31	10.586258	35.178630
28	39	31	32	10.586258	20.337532
28	39	32	33	10.586258	16.595593
28	39	33	34	10.586258	15.277984
28	39	34	35	10.586258	14.721687
28	39	35	36	10.586258	23.938463
28	39	36	37	10.586258	40.088552
28	39	37	38	10.586258	120.265028
28	50	30	32	23.385649	113.786363
28	50	32	34	23.385649	49.976603
28	50	34	36	23.385649	27.927979
28	50	36	38	23.385649	19.420987
28	50	38	40	23.385649	15.078863
28	50	40	42	23.385649	16.289604
28	50	42	44	23.385649	22.375337
28	50	44	46	23.385649	33.386030
28	50	46	48	23.385649	67.842798
28	61	31	34	26.430183	97.689197
28	61	34	37	26.430183	36.864660
28	61	37	40	26.430183	18.299927
28	61	40	43	26.430183	14.941292
28	61	43	46	26.430183	16.849996
28	61	46	49	26.430183	15.983626
28	61	49	52	26.430183	20.350677
28	61	52	55	26.430183	34.145443
28	61	55	58	26.430183	62.043777
28	72	32	36	32.287946	96.504874
28	72	36	40	32.287946	30.089207
28	72	40	44	32.287946	20.068613
28	72	44	48	32.287946	18.495582
28	72	48	52	32.287946	15.504984
28	72	52	56	32.287946	19.853433
28	72	56	60	32.287946	25.894584
28	72	60	64	32.287946	32.643462
28	72	64	68	32.287946	54.410619
29	40	30	31	10.914079	100.793776
29	40	31	32	10.914079	37.678131
29	40	32	33	10.914079	25.088547
29	40	33	34	10.914079	19.217541
29	40	34	35	10.914079	14.726091
29	40	35	36	10.914079	18.917452
29	40	36	37	10.914079	23.104373
29	40	37	38	10.914079	42.041663
29	40	38	39	10.914079	103.313032
29	51	31	33	23.509828	125.370804
29	51	33	35	23.509828	52.426788
29	51	35	37	23.509828	29.990909
29	51	37	39	23.509828	18.193206
29	51	39	41	23.509828	14.988027
29	51	41	43	23.509828	16.640552
29	51	43	45	23.509828	23.216264
29	51	45	47	23.509828	33.674241
29	51	47	49	23.509828	60.710705
29	62	32	35	26.491627	109.056435
29	62	35	38	26.491627	37.871665
29	62	38	41	26.491627	17.437403
29	62	41	44	26.491627	15.466707
29	62	44	47	26.491627	16.061546
29	62	47	50	26.491627	15.810421
29	62	50	53	26.491627	20.254577
29	62	53	56	26.491627	30.903092
29	62	56	59	26.491627	64.586431
30	41	31	32	10.102953	103.656576
30	41	32	33	10.102953	44.362697
30	41	33	34	10.102953	27.688078
30	41	34	35	10.102953	16.885450
30	41	35	36	10.102953	17.258739
30	41	36	37	10.102953	15.984802
30	41	37	38	10.102953	21.190506
30	41	38	39	10.102953	31.638697
30	41	39	40	10.102953	80.163072
30	52	32	34	23.135884	154.350154
30	52	34	36	23.135884	55.588967
30	52	36	38	23.135884	26.690331
30	52	38	40	23.135884	16.225698
30	52	40	42	23.135884	15.124997
30	52	42	44	23.135884	18.695633
30	52	44	46	23.135884	23.820109
30	52	46	48	23.135884	32.894825
30	52	48	50	23.135884	70.874849
30	63	33	36	26.128849	122.711247
30	63	36	39	26.128849	33.709048
30	63	39	42	26.128849	16.425591
30	63	42	45	26.128849	16.083221
30	63	45	48	26.128849	15.611576
30	63	48	51	26.128849	14.881758
30	63	51	54	26.128849	21.133846
30	63	54	57	26.128849	28.616764
30	63	57	60	26.128849	70.709139
31	42	32	33	10.155752	117.859809
31	42	33	34	10.155752	51.615205
31	42	34	35	10.155752	25.454946
31	42	35	36	10.155752	21.570741
31	42	36	37	10.155752	15.876604
31	42	37	38	10.155752	16.091103
31	42	38	39	10.155752	19.604250
31	42	39	40	10.155752	29.861465
31	42	40	41	10.155752	115.211699
31	53	33	35	22.699312	161.242475
31	53	35	37	22.699312	59.366677
31	53	37	39	22.699312	23.549496
31	53	39	41	22.699312	15.426683
31	53	41	43	22.699312	14.991481
31	53	43	45	22.699312	18.738495
31	53	45	47	22.699312	23.155311
31	53	47	49	22.699312	28.678359
31	53	49	51	22.699312	70.109019
31	64	34	37	28.020878	130.964078
31	64	37	40	28.020878	31.771721
31	64	40	43	28.020878	18.584026
31	64	43	46	28.020878	18.105579
31	64	46	49	28.020878	15.085088
31	64	49	52	28.020878	16.616735
31	64	52	55	28.020878	23.561208
31	64	55	58	28.020878	29.932663
31	64	58	61	28.020878	79.979080
32	43	33	34	10.505494	144.257263
32	43	34	35	10.505494	48.017734
32	43	35	36	10.505494	33.379421
32	43	36	37	10.505494	19.750404
32	43	37	38	10.505494	14.963410
32	43	38	39	10.505494	14.991998
32	43	39	40	10.505494	17.572167
32	43	40	41	10.505494	35.354871
32	43	41	42	10.505494	98.737512
32	54	34	36	21.612659	155.713455
32	54	36	38	21.612659	48.220989
32	54	38	40	21.612659	19.835295
32	54	40	42	21.612659	14.924716
32	54	42	44	21.612659	15.993021
32	54	44	46	21.612659	18.067770
32	54	46	48	21.612659	21.027075
32	54	48	50	21.612659	28.554536
32	54	50	52	21.612659	63.213481
32	65	35	38	27.263934	133.366020
32	65	38	41	27.263934	29.055460
32	65	41	44	27.263934	19.053150
32	65	44	47	27.263934	17.176075
32	65	47	50	27.263934	14.893881
32	65	50	53	27.263934	16.741973
32	65	53	56	27.263934	22.031739
32	65	56	59	27.263934	31.947485
32	65	59	62	27.263934	79.215142
33	44	34	35	12.811797	169.988285
33	44	35	36	12.811797	79.498595
33	44	36	37	12.811797	37.250880
33	44	37	38	12.811797	20.668465
33	44	38	39	12.811797	16.409067
33	44	39	40	12.811797	14.922305
33	44	40	41	12.811797	22.603438
33	44	41	42	12.811797	34.550141
33	44	42	43	12.811797	117.147808
33	55	35	37	21.221710	181.720865
33	55	37	39	21.221710	41.160597
33	55	39	41	21.221710	18.705240
33	55	41	43	21.221710	14.910336
33	55	43	45	21.221710	16.258482
33	55	45	47	21.221710	17.543009
33	55	47	49	21.221710	18.390413
33	55	49	51	21.221710	28.917976
33	55	51	53	21.221710	65.409095
33	66	36	39	28.284606	123.636595
33	66	39	42	28.284606	28.689627
33	66	42	45	28.284606	21.370641
33	66	45	48	28.284606	17.890450
33	66	48	51	28.284606	15.017145
33	66	51	54	28.284606	18.873357
33	66	54	57	28.284606	21.937275
33	66	57	60	28.284606	36.935434
33	66	60	63	28.284606	72.818125
34	45	35	36	14.123828	258.218900
34	45	36	37	14.123828	80.978592
34	45	37	38	14.123828	33.149553
34	45	38	39	14.123828	20.946079
34	45	39	40	14.123828	14.851609
34	45	40	41	14.123828	17.790310
34	45	41	42	14.123828	20.665846
34	45	42	43	14.123828	37.778381
34	45	43	44	14.123828	135.477292
34	56	36	38	18.941791	143.271406
34	56	38	40	18.941791	32.985167
34	56	40	42	18.941791	17.342136
34	56	42	44	18.941791	15.278773
34	56	44	46	18.941791	14.870013
34	56	46	48	18.941791	15.185494
34	56	48	50	18.941791	17.248138
34	56	50	52	18.941791	24.769590
34	56	52	54	18.941791	61.562762
34	67	37	40	26.705558	97.154619
34	67	40	43	26.705558	29.057817
34	67	43	46	26.705558	21.607002
34	67	46	49	26.705558	15.419147
34	67	49	52	26.705558	14.981883
34	67	52	55	26.705558	18.848269
34	67	55	58	26.705558	20.258940
34	67	58	61	26.705558	37.123196
34	67	61	64	26.705558	62.904178
35	46	36	37	14.239268	244.206579
35	46	37	38	14.239268	61.558688
35	46	38	39	14.239268	30.118904
35	46	39	40	14.239268	16.788128
35	46	40	41	14.239268	16.010297
35	46	41	42	14.239268	15.016250
35	46	42	43	14.239268	20.666757
35	46	43	44	14.239268	37.683481
35	46	44	45	14.239268	104.628640
35	57	37	39	20.706993	123.588876
35	57	39	41	20.706993	32.624447
35	57	41	43	20.706993	19.142396
35	57	43	45	20.706993	17.435407
35	57	45	47	20.706993	16.281428
35	57	47	49	20.706993	15.079458
35	57	49	51	20.706993	20.266043
35	57	51	53	20.706993	30.884514
35	57	53	55	20.706993	70.181972
35	68	38	41	26.275386	86.209520
35	68	41	44	26.275386	29.903161
35	68	44	47	26.275386	20.745331
35	68	47	50	26.275386	15.311000
35	68	50	53	26.275386	15.167450
35	68	53	56	26.275386	17.855648
35	68	56	59	26.275386	21.569867
35	68	59	62	26.275386	35.894438
35	68	62	65	26.275386	51.585599
36	47	37	38	14.699202	206.617584
36	47	38	39	14.699202	63.294701
36	47	39	40	14.699202	26.418831
36	47	40	41	14.699202	19.654694
36	47	41	42	14.699202	15.012663
36	47	42	43	14.699202	16.731273
36	47	43	44	14.699202	22.725921
36	47	44	45	14.699202	33.639894
36	47	45	46	14.699202	119.435332
36	58	38	40	19.506396	111.270954
36	58	40	42	19.506396	32.903691
36	58	42	44	19.506396	21.377426
36	58	44	46	19.506396	17.037844
36	58	46	48	19.506396	15.016526
36	58	48	50	19.506396	15.002249
36	58	50	52	19.506396	18.574835
36	58	52	54	19.506396	32.759464
36	58	54	56	19.506396	65.834775
36	69	39	42	26.286429	82.212351
36	69	42	45	26.286429	33.813229
36	69	45	48	26.286429	21.226743
36	69	48	51	26.286429	15.070058
36	69	51	54	26.286429	16.651086
36	69	54	57	26.286429	17.157877
36	69	57	60	26.286429	24.091679
36	69	60	63	26.286429	31.467369
36	69	63	66	26.286429	39.323867
37	48	38	39	13.369443	180.457818
37	48	39	40	13.369443	46.832585
37	48	40	41	13.369443	26.084154
37	48	41	42	13.369443	16.135400
37	48	42	43	13.369443	15.060465
37	48	43	44	13.369443	16.587990
37	48	44	45	13.369443	18.174672
37	48	45	46	13.369443	31.770854
37	48	46	47	13.369443	82.558356
37	59	39	41	22.108248	112.081219
37	59	41	43	22.108248	37.493903
37	59	43	45	22.108248	25.554244
37	59	45	47	22.108248	19.222212
37	59	47	49	22.108248	15.295884
37	59	49	51	22.108248	17.921978
37	59	51	53	22.108248	23.301264
37	59	53	55	22.108248	35.867484
37	59	55	57	22.108248	71.966111
37	70	40	43	24.942090	81.465883
37	70	43	46	24.942090	34.375522
37	70	46	49	24.942090	18.512256
37	70	49	52	24.942090	15.152969
37	70	52	55	24.942090	17.036567
37	70	55	58	24.942090	16.105133
37	70	58	61	24.942090	25.057049
37	70	61	64	24.942090	25.822650
37	70	64	67	24.942090	41.677991
38	49	39	40	12.456750	137.368037
38	49	40	41	12.456750	46.554636
38	49	41	42	12.456750	22.230544
38	49	42	43	12.456750	17.405101
38	49	43	44	12.456750	16.221509
38	49	44	45	12.456750	14.778101
38	49	45	46	12.456750	19.136530
38	49	46	47	12.456750	27.490187
38	49	47	48	12.456750	97.416958
38	60	40	42	21.857996	112.066137
38	60	42	44	21.857996	43.233768
38	60	44	46	21.857996	25.211805
38	60	46	48	21.857996	17.933282
38	60	48	50	21.857996	15.227024
38	60	50	52	21.857996	16.441559
38	60	52	54	21.857996	24.699057
38	60	54	56	21.857996	32.176018
38	60	56	58	21.857996	67.819526
38	71	41	44	24.036112	81.754736
38	71	44	47	24.036112	32.463859
38	71	47	50	24.036112	17.946122
38	71	50	53	24.036112	15.175292
38	71	53	56	24.036112	15.920526
38	71	56	59	24.036112	16.900607
38	71	59	62	24.036112	24.335810
38	71	62	65	24.036112	21.067050
38	71	65	68	24.036112	46.717183
39	50	40	41	12.522915	126.305455
39	50	41	42	12.522915	37.664818
39	50	42	43	12.522915	24.269021
39	50	43	44	12.522915	19.220094
39	50	44	45	12.522915	14.870833
39	50	45	46	12.522915	15.551727
39	50	46	47	12.522915	16.414899
39	50	47	48	12.522915	25.784437
39	50	48	49	12.522915	60.307851
39	61	41	43	20.530679	93.363874
39	61	43	45	20.530679	41.193259
39	61	45	47	20.530679	22.739939
39	61	47	49	20.530679	14.852345
39	61	49	51	20.530679	14.927975
39	61	51	53	20.530679	16.741768
39	61	53	55	20.530679	21.914359
39	61	55	57	20.530679	28.658014
39	61	57	59	20.530679	70.140349
39	72	42	45	24.041218	85.773638
39	72	45	48	24.041218	31.353038
39	72	48	51	24.041218	17.196674
39	72	51	54	24.041218	16.432818
39	72	54	57	24.041218	15.182029
39	72	57	60	24.041218	18.808090
39	72	60	63	24.041218	21.720941
39	72	63	66	24.041218	20.121642
39	72	66	69	24.041218	52.938301
40	51	41	42	13.425431	107.590508
40	51	42	43	13.425431	43.144771
40	51	43	44	13.425431	27.846792
40	51	44	45	13.425431	18.426341
40	51	45	46	13.425431	16.559600
40	51	46	47	13.425431	14.882699
40	51	47	48	13.425431	17.948470
40	51	48	49	13.425431	22.153869
40	51	49	50	13.425431	99.545985
40	62	42	44	22.850964	110.370081
40	62	44	46	22.850964	42.033611
40	62	46	48	22.850964	22.729986
40	62	48	50	22.850964	16.019625
40	62	50	52	22.850964	15.055975
40	62	52	54	22.850964	19.790633
40	62	54	56	22.850964	21.537106
40	62	56	58	22.850964	30.089966
40	62	58	60	22.850964	86.411609
41	52	42	43	13.843779	155.092720
41	52	43	44	13.843779	51.150354
41	52	44	45	13.843779	26.626168
41	52	45	46	13.843779	19.833446
41	52	46	47	13.843779	15.381336
41	52	47	48	13.843779	15.677097
41	52	48	49	13.843779	15.024917
41	52	49	50	13.843779	32.716307
41	52	50	51	13.843779	98.639103
41	63	43	45	20.957392	107.614819
41	63	45	47	20.957392	36.751880
41	63	47	49	20.957392	18.406154
41	63	49	51	20.957392	15.409828
41	63	51	53	20.957392	15.148146
41	63	53	55	20.957392	17.592550
41	63	55	57	20.957392	18.766299
41	63	57	59	20.957392	30.458923
41	63	59	61	20.957392	76.433172
42	53	43	44	17.069116	177.366008
42	53	44	45	17.069116	54.047715
42	53	45	46	17.069116	31.557904
42	53	46	47	17.069116	20.794452
42	53	47	48	17.069116	18.326899
42	53	48	49	17.069116	15.038393
42	53	49	50	17.069116	24.167883
42	53	50	51	17.069116	35.360900
42	53	51	52	17.069116	112.481376
42	64	44	46	21.804202	98.580060
42	64	46	48	21.804202	33.333097
42	64	48	50	21.804202	18.381197
42	64	50	52	21.804202	14.922706
42	64	52	54	21.804202	17.416065
42	64	54	56	21.804202	16.967118
42	64	56	58	21.804202	19.553211
42	64	58	60	21.804202	37.376457
42	64	60	62	21.804202	82.665549
43	54	44	45	18.144056	175.016522
43	54	45	46	18.144056	55.882604
43	54	46	47	18.144056	28.700918
43	54	47	48	18.144056	21.160223
43	54	48	49	18.144056	15.085923
43	54	49	50	18.144056	20.527471
43	54	50	51	18.144056	22.432569
43	54	51	52	18.144056	37.244051
43	54	52	53	18.144056	146.317310
43	65	45	47	20.053598	83.728741
43	65	47	49	20.053598	26.572283
43	65	49	51	20.053598	17.841192
43	65	51	53	20.053598	15.152632
43	65	53	55	20.053598	15.935504
43	65	55	57	20.053598	15.052872
43	65	57	59	20.053598	20.244776
43	65	59	61	20.053598	34.502327
43	65	61	63	20.053598	75.946302
44	55	45	46	16.443431	165.061316
44	55	46	47	16.443431	44.775048
44	55	47	48	16.443431	25.167188
44	55	48	49	16.443431	14.984728
44	55	49	50	16.443431	17.465110
44	55	50	51	16.443431	16.173758
44	55	51	52	16.443431	19.952955
44	55	52	53	16.443431	37.417180
44	55	53	54	16.443431	120.696122
44	66	46	48	20.364069	77.178209
44	66	48	50	20.364069	25.902622
44	66	50	52	20.364069	16.931248
44	66	52	54	20.364069	17.438587
44	66	54	56	20.364069	15.249159
44	66	56	58	20.364069	15.378965
44	66	58	60	20.364069	23.998372
44	66	60	62	20.364069	33.368169
44	66	62	64	20.364069	78.849896
45	56	46	47	15.960788	124.524280
45	56	47	48	15.960788	39.728200
45	56	48	49	15.960788	18.498277
45	56	49	50	15.960788	18.234272
45	56	50	51	15.960788	14.808755
45	56	51	52	15.960788	15.821102
45	56	52	53	15.960788	23.073108
45	56	53	54	15.960788	36.100570
45	56	54	55	15.960788	121.631007
45	67	47	49	21.213638	68.541291
45	67	49	51	21.213638	28.148339
45	67	51	53	21.213638	19.410298
45	67	53	55	21.213638	18.216231
45	67	55	57	21.213638	15.342871
45	67	57	59	21.213638	18.039147
45	67	59	61	21.213638	25.253990
45	67	61	63	21.213638	30.244138
45	67	63	65	21.213638	126.608122
46	57	47	48	15.543602	128.314938
46	57	48	49	15.543602	31.740220
46	57	49	50	15.543602	22.988660
46	57	50	51	15.543602	15.605394
46	57	51	52	15.543602	14.818704
46	57	52	53	15.543602	18.954289
46	57	53	54	15.543602	23.467810
46	57	54	55	15.543602	36.563691
46	57	55	56	15.543602	130.569066
46	68	48	50	21.886589	67.038546
46	68	50	52	21.886589	26.803634
46	68	52	54	21.886589	22.713206
46	68	54	56	21.886589	17.771658
46	68	56	58	21.886589	15.853079
46	68	58	60	21.886589	21.701829
46	68	60	62	21.886589	24.689505
46	68	62	64	21.886589	23.017294
46	68	64	66	21.886589	96.607613
47	58	48	49	14.811174	89.303226
47	58	49	50	14.811174	35.398469
47	58	50	51	14.811174	18.161602
47	58	51	52	14.811174	14.963339
47	58	52	53	14.811174	17.121089
47	58	53	54	14.811174	18.905656
47	58	54	55	14.811174	22.194645
47	58	55	56	14.811174	34.428755
47	58	56	57	14.811174	109.395107
47	69	49	51	19.248120	60.102131
47	69	51	53	19.248120	25.421723
47	69	53	55	19.248120	20.082983
47	69	55	57	19.248120	14.932242
47	69	57	59	19.248120	15.601537
47	69	59	61	19.248120	19.294012
47	69	61	63	19.248120	18.786891
47	69	63	65	19.248120	17.208278
47	69	65	67	19.248120	39.816144
48	59	49	50	12.601897	102.704483
48	59	50	51	12.601897	24.494874
48	59	51	52	12.601897	15.358810
48	59	52	53	12.601897	15.067289
48	59	53	54	12.601897	14.873097
48	59	54	55	12.601897	15.206197
48	59	55	56	12.601897	17.577288
48	59	56	57	12.601897	28.751357
48	59	57	58	12.601897	73.513270
48	70	50	52	19.683106	53.284512
48	70	52	54	19.683106	29.138690
48	70	54	56	19.683106	19.527780
48	70	56	58	19.683106	15.342727
48	70	58	60	19.683106	18.977657
48	70	60	62	19.683106	19.511062
48	70	62	64	19.683106	15.158582
48	70	64	66	19.683106	19.162791
48	70	66	68	19.683106	50.996223
49	60	50	51	13.691671	69.659250
49	60	51	52	13.691671	24.169989
49	60	52	53	13.691671	18.509449
49	60	53	54	13.691671	16.092475
49	60	54	55	13.691671	14.841827
49	60	55	56	13.691671	14.765285
49	60	56	57	13.691671	19.029890
49	60	57	58	13.691671	28.885392
49	60	58	59	13.691671	93.696661
49	71	51	53	22.284772	58.710582
49	71	53	55	22.284772	31.961863
49	71	55	57	22.284772	20.419777
49	71	57	59	22.284772	19.142433
49	71	59	61	22.284772	21.620590
49	71	61	63	22.284772	19.284932
49	71	63	65	22.284772	15.285603
49	71	65	67	22.284772	23.191191
49	71	67	69	22.284772	64.875739
50	61	51	52	14.972736	101.854126
50	61	52	53	14.972736	34.063488
50	61	53	54	14.972736	21.459985
50	61	54	55	14.972736	17.008514
50	61	55	56	14.972736	14.720161
50	61	56	57	14.972736	16.119726
50	61	57	58	14.972736	19.803062
50	61	58	59	14.972736	38.147932
50	61	59	60	14.972736	113.921663
50	72	52	54	22.562395	72.362779
50	72	54	56	22.562395	31.431864
50	72	56	58	22.562395	20.800863
50	72	58	60	22.562395	22.922629
50	72	60	62	22.562395	21.425343
50	72	62	64	22.562395	15.233453
50	72	64	66	22.562395	16.080232
50	72	66	68	22.562395	27.841822
50	72	68	70	22.562395	66.923801
51	62	52	53	15.718241	114.659978
51	62	53	54	15.718241	35.089951
51	62	54	55	15.718241	21.364822
51	62	55	56	15.718241	15.729781
51	62	56	57	15.718241	14.976327
51	62	57	58	15.718241	15.971543
51	62	58	59	15.718241	24.515306
51	62	59	60	15.718241	43.310329
51	62	60	61	15.718241	90.095750
52	63	53	54	16.001656	108.076282
52	63	54	55	16.001656	35.034738
52	63	55	56	16.001656	19.364954
52	63	56	57	16.001656	15.734568
52	63	57	58	16.001656	14.899467
52	63	58	59	16.001656	19.930406
52	63	59	60	16.001656	27.807217
52	63	60	61	16.001656	39.412144
52	63	61	62	16.001656	108.082950
53	64	54	55	14.694530	117.291730
53	64	55	56	14.694530	30.069617
53	64	56	57	14.694530	18.005003
53	64	57	58	14.694530	14.765185
53	64	58	59	14.694530	17.423999
53	64	59	60	14.694530	20.790979
53	64	60	61	14.694530	24.161533
53	64	61	62	14.694530	39.948689
53	64	62	63	14.694530	109.097591
54	65	55	56	11.891718	84.781040
54	65	56	57	11.891718	23.637845
54	65	57	58	11.891718	14.896303
54	65	58	59	11.891718	15.141152
54	65	59	60	11.891718	15.789476
54	65	60	61	11.891718	15.919693
54	65	61	62	11.891718	20.344110
54	65	62	63	11.891718	31.172969
54	65	63	64	11.891718	135.189802
55	66	56	57	11.770275	85.529157
55	66	57	58	11.770275	24.879958
55	66	58	59	11.770275	18.346884
55	66	59	60	11.770275	16.408677
55	66	60	61	11.770275	14.705678
55	66	61	62	11.770275	15.716808
55	66	62	63	11.770275	16.349402
55	66	63	64	11.770275	34.424669
55	66	64	65	11.770275	235.569570
56	67	57	58	14.187044	116.264259
56	67	58	59	14.187044	35.228179
56	67	59	60	14.187044	23.792948
56	67	60	61	14.187044	18.851741
56	67	61	62	14.187044	17.733102
56	67	62	63	14.187044	14.852602
56	67	63	64	14.187044	18.638198
56	67	64	65	14.187044	71.545580
56	67	65	66	14.187044	420.910682
57	68	58	59	18.845982	142.687633
57	68	59	60	18.845982	47.783207
57	68	60	61	18.845982	30.577603
57	68	61	62	18.845982	25.071575
57	68	62	63	18.845982	18.073117
57	68	63	64	18.845982	15.182823
57	68	64	65	18.845982	23.804233
57	68	65	66	18.845982	66.640620
57	68	66	67	18.845982	423.582829
58	69	59	60	19.679320	122.883941
58	69	60	61	19.679320	47.278306
58	69	61	62	19.679320	31.995123
58	69	62	63	19.679320	20.663261
58	69	63	64	19.679320	15.034211
58	69	64	65	19.679320	15.185771
58	69	65	66	19.679320	18.503359
58	69	66	67	19.679320	29.703861
58	69	67	68	19.679320	130.756017
59	70	60	61	18.619146	125.167322
59	70	61	62	18.619146	48.994220
59	70	62	63	18.619146	26.115702
59	70	63	64	18.619146	17.033317
59	70	64	65	18.619146	15.086361
59	70	65	66	18.619146	15.689752
59	70	66	67	18.619146	19.309403
59	70	67	68	18.619146	36.565864
59	70	68	69	18.619146	128.421537
60	71	61	62	17.079672	127.963848
60	71	62	63	17.079672	41.783173
60	71	63	64	17.079672	22.191964
60	71	64	65	17.079672	16.715831
60	71	65	66	17.079672	14.989712
60	71	66	67	17.079672	15.309209
60	71	67	68	17.079672	21.895893
60	71	68	69	17.079672	35.602165
60	71	69	70	17.079672	111.594106
61	72	62	63	16.675631	95.637820
61	72	63	64	16.675631	36.025465
61	72	64	65	16.675631	22.382064
61	72	65	66	16.675631	17.219005
61	72	66	67	16.675631	15.053037
61	72	67	68	16.675631	18.145652
61	72	68	69	16.675631	22.507566
61	72	69	70	16.675631	33.790444
61	72	70	71	16.675631	171.166217
